-2.438e-07 -2.9779 1.034e-06 -2.6417 -20.7395183407 0.0
-1.053e-06 -3.672 -1.214e-06 -8.3264 -20.7458840529 0.0
1.226e-06 2.3024 -5.529e-06 0.3272 -20.7477123997 0.0
-2.831e-07 3.1228 -1.567e-06 7.1303 -20.7371525285 0.0
1.491e-06 -2.2893 -1.468e-06 0.8951 -20.7486157273 0.0
2.196e-06 3.7505 -4.019e-07 1.8946 -20.7452738007 0.0
3.882e-06 2.0073 -3.328e-07 -1.5798 -20.743930378 0.0
1.806e-05 26.0698 -9.517e-08 2.8176 -20.7471334794 0.0
-1.838e-06 1.7272 4.637e-06 9.6919 -20.7471469763 0.0
-5.016e-06 -7.8011 4.585e-06 14.2524 -20.7408921314 0.0
1.942e-06 -0.5754 -4.087e-06 1.681 -20.7456382167 0.0
-1.087e-06 -2.7167 -3.238e-06 -5.9591 -20.7390522159 0.0
-1.472e-06 -1.6571 -7.96e-06 -9.4865 -20.7459833515 0.0
-2.941e-06 -2.867 5.607e-06 3.0404 -20.7408063297 0.0
7.832e-06 15.8148 -4.863e-07 -9.9124 -20.7450713473 0.0
-4.378e-06 -5.9724 -2.18e-06 -5.9094 -20.7490558223 0.0
7.77e-06 7.2957 -7.13e-06 -8.6349 -20.7410878363 0.0
-7.064e-07 -5.4881 -4.492e-06 -4.1489 -20.736917297 0.0
-8.303e-07 -3.4424 4.219e-06 6.7862 -20.7440426914 0.0
3.767e-06 -2.3495 -4.583e-06 -13.1267 -20.7457992153 0.0
-2.551e-05 -53.7147 -6.536e-06 -7.1289 -20.7445777467 0.0
4.305e-06 5.9703 1.618e-06 2.1382 -20.7388642235 0.0
-3.988e-06 -8.9813 5.166e-06 0.409 -20.7463935606 0.0
8.999e-07 8.4208 6.266e-06 14.1374 -20.7525327179 0.0
4.938e-06 5.5861 4.567e-06 8.4564 -20.7398225028 0.0
-4.866e-06 -14.9824 1.221e-06 1.4854 -20.7423473855 0.0
1.191e-06 2.2212 -3.334e-06 -3.366 -20.7481042915 0.0
2.868e-06 10.7799 7.554e-07 -0.577 -20.7500864064 0.0
7.759e-06 1.1005 1.304e-05 27.3106 -20.7481038095 0.0
-9.128e-07 5.2726 -3.325e-06 -10.2311 -20.738084778 0.0
3.086e-06 -7.2317 6.835e-06 18.2714 -20.7492737007 0.0
-1.11e-06 -3.3035 -5.473e-06 -12.366 -20.7448872111 0.0
1.577e-06 1.2209 1.531e-07 -0.0628 -20.7489782152 0.0
5.822e-06 2.066 -1.697e-06 -3.527 -20.7434290649 0.0
8.572e-07 -1.5148 2.157e-06 10.6691 -20.7537932311 0.0
5.521e-06 4.7621 -7.25e-07 -6.2206 -20.7473499117 0.0
2.632e-06 2.6845 -6.812e-06 -6.3737 -20.7500676071 0.0
1.541e-07 5.1667 -2.348e-06 -4.4182 -20.7540135196 0.0
4.007e-06 -2.0412 -5.348e-06 -13.4056 -20.7485265514 0.0
-2.467e-06 -6.5223 5.011e-06 10.5413 -20.7460730094 0.0
-7.806e-06 -4.8852 -5.65e-06 -0.2761 -20.7438951896 0.0
5.105e-07 -2.6059 1.036e-07 0.8591 -20.7491980217 0.0
-6.78e-06 -9.5189 1.818e-06 6.1645 -20.7398735981 0.0
-3.093e-06 -3.4563 1.397e-06 6.5395 -20.7479134069 0.0
-9.051e-06 -13.1727 2.254e-06 2.8122 -20.7398379278 0.0
8.062e-06 21.7517 -5.8e-06 -18.4688 -20.7433823078 0.0
2.806e-06 6.8453 3.234e-06 10.0682 -20.7401319672 0.0
1.403e-06 6.5158 3.563e-06 -4.4886 -20.7407692133 0.0
5.495e-06 2.2072 -2.608e-06 -6.9898 -20.7434787141 0.0
4.513e-06 5.4864 3.531e-06 1.2206 -20.7491242709 0.0
-1.708e-05 -52.4235 3.32e-05 73.3479 -20.7518029217 0.0
1.132e-06 -0.7845 2.21e-06 2.0378 -20.7423685949 0.0
3.709e-06 4.6446 5.306e-06 10.268 -20.7474280009 0.0
2.321e-06 -3.8286 -3.042e-06 -2.3785 -20.7437153918 0.0
1.549e-06 6.429 3.079e-06 3.1414 -20.7481968416 0.0
-2.5e-05 -100.0271 2.821e-05 54.2244 -20.7782568282 0.0
-5.006e-06 -10.15 6.678e-06 9.1368 -20.748490399 0.0
1.408e-06 7.9339 -5.353e-06 -6.2618 -20.7453533359 0.0
1.307e-06 3.9509 4.129e-06 5.0805 -20.7504349154 0.0
3.845e-06 0.6498 5.351e-07 5.5249 -20.7436710448 0.0
-1.42e-06 -3.6754 3.924e-06 -8.8827 -20.7468963198 0.0
7.422e-06 10.3173 1.196e-05 17.1495 -20.7522063823 0.0
-8.068e-06 -20.7177 -3.013e-06 -10.553 -20.7447242844 0.0
-3.722e-06 -12.179 -4.055e-06 -5.504 -20.7395361759 0.0
-7.859e-07 0.0446 -2.846e-07 -1.0076 -20.7435736744 0.0
-5.354e-06 -7.1475 6.692e-07 1.3849 -20.7404086535 0.0
-7.154e-06 -9.4326 1.34e-05 11.4912 -20.7529781153 0.0
1.986e-06 -1.154 3.733e-06 14.0723 -20.7428689439 0.0
5.551e-06 16.1002 8.665e-08 9.0466 -20.7515175589 0.0
2.91e-05 33.6816 1.85e-05 23.0274 -20.745672923 0.0
4.803e-06 5.9156 1.593e-06 -2.7019 -20.7422182009 0.0
-1.375e-06 -8.5235 -3.568e-07 3.4906 -20.744931076 0.0
-1.003e-06 -2.0774 -5.751e-07 1.9614 -20.7480565704 0.0
1.954e-06 2.0315 8.441e-07 10.5699 -20.7456035104 0.0
4.951e-06 3.1584 -1.87e-06 -1.246 -20.7458416341 0.0
-5.654e-06 -3.8758 -1.413e-05 -12.7669 -20.7491170404 0.0
-6.798e-06 -10.0321 -2.914e-06 6.0428 -20.7485342639 0.0
3.103e-06 -0.6753 -1.254e-05 -9.7559 -20.7421714438 0.0
-5.638e-06 -12.3141 1.494e-05 21.5507 -20.747490183 0.0
-2.509e-06 -6.8418 -9.334e-07 2.3283 -20.7440643828 0.0
1.468e-06 -5.6467 3.964e-06 -3.578 -20.7458975498 0.0
-3.015e-06 -5.1403 -5.173e-06 -4.3682 -20.7431726239 0.0
-6.982e-06 -13.1972 -2.781e-06 -8.3072 -20.7415838471 0.0
-3.257e-06 -8.7156 -2.8e-06 -3.9641 -20.7449474651 0.0
8.284e-06 9.783 2.054e-06 5.0906 -20.7442085103 0.0
-4.902e-06 -5.053 6.141e-06 8.4966 -20.7426303381 0.0
3.642e-06 3.5207 7.255e-07 -0.2011 -20.7518896874 0.0
-1.313e-05 -18.8652 4.767e-06 10.3351 -20.7510880685 0.0
1.41e-07 -13.7039 -4.875e-06 -5.923 -20.746233526 0.0
-5.965e-06 -20.6391 4.186e-06 9.6883 -20.7466634984 0.0
2.964e-07 -0.9391 -1.858e-05 -21.5029 -20.7444480801 0.0
1.014e-06 14.0607 -7.609e-06 -9.1682 -20.7474636712 0.0
1.418e-05 20.2359 8.945e-06 16.7916 -20.7499022702 0.0
2.427e-06 7.9455 -3.627e-06 -4.3235 -20.7435013696 0.0
-4.213e-06 -6.5384 2.035e-06 7.6966 -20.7515320198 0.0
3.958e-06 1.7358 -3.376e-06 -7.4432 -20.7490765497 0.0
9.726e-07 6.8577 -8.466e-06 -6.5636 -20.7464851466 0.0
3.377e-06 0.1161 5.22e-07 2.8968 -20.7448756424 0.0
4.483e-07 2.1352 7.135e-06 6.2302 -20.7469180112 0.0
-2.023e-06 -6.3709 2.793e-06 -1.8018 -20.7509979286 0.0
-1.819e-05 -16.5404 -1.673e-05 -17.4084 -20.7454931251 0.0
-4.101e-06 -4.8734 5.257e-07 -3.8746 -20.743128759 0.0
1.736e-05 8.5499 6.682e-07 -1.7691 -20.7422736346 0.0
-2.432e-06 -7.9287 -4.603e-06 -4.8633 -20.7439544796 0.0
-7.361e-06 -9.4447 -5.889e-06 -11.0518 -20.751352704 0.0
3.822e-06 8.4701 3.161e-06 1.8259 -20.7402886275 0.0
5.219e-06 15.99 -6.746e-06 -32.0944 -20.7466177054 0.0
-5.35e-06 -11.3447 5.927e-06 17.3959 -20.7426072006 0.0
9.566e-06 9.284 5.229e-06 7.7622 -20.7545697844 0.0
5.76e-07 -9.6059 7.176e-07 -1.5168 -20.7399526514 0.0
-1.54e-06 -11.8609 8.569e-06 24.8295 -20.7494544627 0.0
5.994e-06 18.0373 -4.767e-06 6.2977 -20.7535257034 0.0
-2.212e-05 -41.6686 4.733e-06 4.6941 -20.7367225561 0.0
-3.633e-06 -4.8685 -1.659e-05 -24.876 -20.7446770453 0.0
2.088e-06 -10.7174 2.169e-06 0.8078 -20.7499562578 0.0
8.166e-06 0.8069 -3.604e-06 -3.1818 -20.7546965587 0.0
1.9e-06 7.0528 3.081e-06 10.4722 -20.7432405904 0.0
3.392e-06 1.5287 2.09e-06 13.4408 -20.749701263 0.0
4.206e-06 11.3423 -3.778e-06 -2.1571 -20.7463419832 0.0
1.022e-05 9.3974 -7.679e-08 -8.6119 -20.7394335031 0.0
2.648e-06 9.7091 -1.323e-05 -40.3827 -20.7543359989 0.0
-4.636e-06 -8.2247 -2.51e-06 -5.2103 -20.7559700868 0.0
3.438e-06 8.5283 1.906e-06 2.2119 -20.7440648648 0.0
5.342e-06 9.3315 4.418e-07 -0.8696 -20.7496279941 0.0
-1.069e-05 -18.1506 -4.899e-06 -10.6197 -20.7422360361 0.0
-5.05e-06 -9.8207 -8.44e-07 -0.0117 -20.7479524515 0.0
-2.028e-06 -6.2279 1.152e-06 4.9984 -20.7378346035 0.0
-3.421e-06 -9.7496 2.423e-06 9.3511 -20.7402866994 0.0
-6.19e-06 -26.1222 1.92e-06 8.1037 -20.7399512053 0.0
2.568e-06 9.1584 3.031e-06 5.9831 -20.7423348526 0.0
3.55e-06 11.4559 6.158e-06 -0.0712 -20.7485342639 0.0
6.516e-06 7.0337 5.148e-07 -6.0769 -20.7434362953 0.0
-9.64e-06 -16.0526 1.529e-05 17.9368 -20.7536572981 0.0
-6.062e-06 -8.143 1.027e-06 7.7042 -20.7449060104 0.0
3.755e-06 2.0483 5.53e-06 1.8129 -20.7451209966 0.0
-7e-06 -14.2213 -4.987e-06 -8.8788 -20.7509665965 0.0
1.645e-05 35.5511 7.869e-06 15.3064 -20.7447816462 0.0
9.398e-06 29.0506 1.656e-06 -0.7314 -20.7511381998 0.0
4.195e-07 -0.0625 -2.151e-06 -0.7764 -20.738493059 0.0
-2.398e-06 -2.8247 3e-06 3.6772 -20.7500492899 0.0
5.785e-08 0.9532 -3.26e-06 -5.171 -20.7419834514 0.0
-1.002e-06 2.5347 1.503e-09 1.048 -20.7480189719 0.0
-4.826e-07 -9.5658 2.052e-06 1.6382 -20.7478329076 0.0
-1.103e-06 -7.7303 -6.237e-06 -9.8339 -20.7409687744 0.0
5.29e-06 10.6191 2.358e-06 2.5254 -20.739023294 0.0
2.44e-06 1.92 6.761e-06 20.2315 -20.752913523 0.0
-3.389e-06 -2.1807 2.459e-06 17.8355 -20.7511208467 0.0
8.327e-06 17.9498 7.163e-06 12.4559 -20.7436368206 0.0
-8.923e-06 -21.0526 -5.947e-06 -6.6783 -20.7427460258 0.0
-5.86e-07 -2.1273 6.848e-07 5.2067 -20.7436951464 0.0
-6.653e-07 -0.4382 -3.279e-06 -6.0011 -20.743552947 0.0
-7.377e-06 -16.0394 1.784e-07 5.2225 -20.7495277315 0.0
1.721e-05 7.7765 -1.917e-05 -24.6541 -20.7453355007 0.0
-2.539e-06 -13.743 -2.67e-06 -5.7792 -20.7492737007 0.0
1.199e-06 -2.1328 -1.901e-06 -5.4163 -20.7512832914 0.0
-6.122e-06 -2.1596 1.534e-06 2.5281 -20.7377266284 0.0
-4.256e-06 -9.6815 -1.143e-06 1.2035 -20.7430593465 0.0
3.046e-06 -2.541 -1.033e-05 -15.4719 -20.7455866393 0.0
-5.676e-07 -0.2405 -8.921e-07 -5.2876 -20.738826143 0.0
-2.796e-06 -5.7819 1.118e-05 23.9979 -20.7454728798 0.0
-2.422e-06 -16.6106 -6.33e-06 -15.9041 -20.7463313785 0.0
6.554e-06 10.3445 -3.796e-07 1.8125 -20.7457625809 0.0
5.389e-06 10.8848 8.711e-06 11.1266 -20.7428887072 0.0
-6.867e-06 -10.0135 2.596e-06 1.8613 -20.7481380338 0.0
3.959e-06 5.7392 -3.667e-06 -5.2188 -20.7455437385 0.0
-1.406e-06 0.2982 8.392e-06 17.2702 -20.7391510324 0.0
3.264e-06 2.7632 -1.235e-06 -3.1506 -20.7398976997 0.0
-4.931e-06 -9.5103 5.271e-06 13.0918 -20.7467396594 0.0
-1.574e-06 -0.5404 -2.41e-06 -4.2532 -20.7437539543 0.0
2.544e-06 -2.3435 2.452e-06 12.6323 -20.7514351314 0.0
-7.101e-07 -3.6357 -9.627e-06 -13.6848 -20.7371785582 0.0
5.28e-07 -5.6058 6.817e-07 1.1874 -20.7553935768 0.0
1.931e-06 7.1892 3.103e-06 -1.7091 -20.753049456 0.0
-4.714e-06 -12.4138 -3.396e-06 -7.4401 -20.7390623386 0.0
-2.362e-06 -6.6495 1.476e-06 3.4761 -20.7518819749 0.0
1.284e-05 12.4703 2.14e-06 16.3807 -20.7438739802 0.0
-3.231e-06 1.2228 4.054e-06 9.9437 -20.7468919815 0.0
-3.558e-07 -5.6673 3.664e-06 14.115 -20.739613301 0.0
2.439e-06 -1.1305 -8.948e-06 -13.6079 -20.7540072532 0.0
-9.407e-06 -13.7208 -1.972e-07 -2.2186 -20.7443931285 0.0
5.61e-06 9.7426 2.77e-06 0.8332 -20.7520024829 0.0
4.391e-06 16.1596 5.241e-07 -1.7288 -20.7406477412 0.0
-7.604e-06 -5.6556 1.958e-06 2.2273 -20.7437910708 0.0
-5.896e-07 -2.3964 1.601e-06 -2.7177 -20.7426004522 0.0
-2.775e-06 -5.8279 -4.369e-06 -3.1039 -20.753518473 0.0
2.227e-06 5.6649 -8.46e-07 -4.9422 -20.7449922941 0.0
-1.5e-05 -33.2437 -1.022e-05 -26.0841 -20.7533507259 0.0
-4.94e-06 -5.7804 -1.418e-06 -5.1586 -20.7493407032 0.0
-2.021e-06 4.178 4.48e-06 0.9474 -20.749187417 0.0
-3.425e-06 -2.2598 1.209e-05 14.8067 -20.7512413546 0.0
-4.141e-07 -0.0117 6.544e-06 10.5807 -20.7555290277 0.0
-9.382e-07 -0.3275 -9.036e-06 -18.9276 -20.7489406167 0.0
2.121e-06 -2.8712 8.382e-06 10.579 -20.7432825272 0.0
2.151e-05 83.2219 -2.102e-05 -77.8028 -20.7508557292 0.0
-7.991e-07 3.9548 4.181e-06 9.2502 -20.7472588077 0.0
-2.416e-06 -0.3027 4.154e-06 10.3455 -20.7437452777 0.0
-7.869e-06 -19.494 6.547e-07 -3.4135 -20.7454555267 0.0
3.204e-07 5.336 5.714e-06 16.1433 -20.7464649013 0.0
-6.566e-08 -6.8351 8.055e-07 2.6141 -20.7435910276 0.0
-2.952e-06 -4.7657 -5.69e-06 -10.7561 -20.7427754297 0.0
-5.781e-06 -4.8981 3.564e-07 -2.1341 -20.7521273291 0.0
-8.241e-06 -15.1924 -1.338e-05 -14.231 -20.746278837 0.0
-5.761e-06 -6.6543 8.61e-06 16.6124 -20.7475272994 0.0
-1.682e-06 -3.8677 -8.465e-07 3.0211 -20.7485569194 0.0
1.71e-07 -5.6444 -4.341e-07 0.7061 -20.7442914198 0.0
-2.725e-06 -4.5418 3.417e-06 5.4072 -20.7361614711 0.0
7.366e-07 3.3843 4.167e-06 -0.0616 -20.7428111001 0.0
-1.894e-06 1.3412 -8.576e-07 -12.8546 -20.7529414809 0.0
3.355e-06 5.9807 -3.078e-06 -0.6326 -20.7417776238 0.0
-1.374e-07 -3.4269 5.012e-06 6.9264 -20.7433461554 0.0
-3.048e-06 5.5856 2.777e-06 -0.3441 -20.7510234762 0.0
2.956e-06 4.6379 1.54e-06 -4.2969 -20.7470597286 0.0
-1.528e-06 -4.6901 2.45e-06 3.2669 -20.7473937766 0.0
2.717e-07 -1.7981 -5.618e-06 -7.5685 -20.7492765929 0.0
-7.717e-07 1.7818 -5.973e-07 2.7043 -20.7428323095 0.0
7.172e-07 2.9151 4.297e-06 3.2419 -20.7449527675 0.0
1.528e-06 0.6963 1.104e-06 -2.1133 -20.7429065424 0.0
-1.187e-06 -7.9436 -5.326e-06 -12.0289 -20.7453571922 0.0
-1.07e-05 -20.4354 -9.694e-06 -15.3647 -20.7486861039 0.0
-3.516e-07 -2.433 -3.429e-06 -1.2368 -20.7376822815 0.0
7.566e-07 15.1751 -1.35e-06 17.5648 -20.7436479073 0.0
-1.118e-05 -14.8726 -2.98e-07 2.2271 -20.7438040856 0.0
1.673e-06 2.7767 3.482e-06 4.5424 -20.7459394866 0.0
-1.434e-06 -8.8343 6.404e-06 10.3513 -20.7512866656 0.0
5.888e-06 7.4569 -2.371e-07 -0.23 -20.7422673682 0.0
-3.197e-06 -5.4847 2.502e-06 3.3299 -20.7440393172 0.0
4.275e-06 9.9342 -1.174e-06 0.2549 -20.7446028124 0.0
1.02e-05 2.6241 -7.078e-07 -0.0151 -20.7486730891 0.0
-6.763e-06 -21.5349 -2.045e-06 2.9114 -20.7405508529 0.0
-4.098e-06 -1.3935 -1.009e-05 -25.1851 -20.7453109171 0.0
2.662e-06 9.2685 -5.779e-06 -7.1376 -20.7514327213 0.0
-9.752e-06 -29.2648 9.113e-06 16.8191 -20.7425324857 0.0
8.248e-06 11.6542 -2.665e-06 -5.5586 -20.7434594329 0.0
-1.218e-06 0.7992 -1.599e-06 -0.5411 -20.7496241379 0.0
1.672e-06 3.6048 -1.118e-06 5.8059 -20.7474458361 0.0
2.625e-06 -3.4988 -8.978e-06 -14.3732 -20.739189113 0.0
-3.52e-06 -2.5239 -1.141e-06 0.412 -20.741173638 0.0
9.652e-07 -1.381 -4.297e-06 -10.7227 -20.7409972143 0.0
-5.467e-06 -21.6377 1.504e-05 28.6719 -20.742900758 0.0
3.028e-06 13.5483 -5.555e-07 -3.2914 -20.7474969314 0.0
1.247e-05 18.9804 -8.324e-06 -13.0613 -20.7498608155 0.0
4.207e-06 8.6785 3.658e-06 5.9697 -20.7490996872 0.0
4.296e-06 14.0497 2.78e-06 -1.6176 -20.7496622184 0.0
5.378e-06 9.3255 -9.457e-07 -2.9043 -20.7484103817 0.0
-2.398e-06 -1.4257 -1.015e-06 -6.9826 -20.7425305576 0.0
2.403e-07 1.541 1.985e-06 -2.341 -20.7373757092 0.0
-1.821e-06 -2.8807 -2.323e-06 -6.6066 -20.7443068448 0.0
4.519e-06 9.0576 -1.568e-06 -0.4397 -20.7499769852 0.0
7.828e-06 23.0995 -1.772e-08 -5.3256 -20.7444360293 0.0
1.3e-05 26.652 -3.556e-06 -5.424 -20.747006223 0.0
8.482e-06 15.99 -2.258e-05 -26.3121 -20.7488769885 0.0
2.482e-07 -7.5136 -1.335e-05 -17.8921 -20.7492211593 0.0
6.46e-06 8.486 1.914e-06 0.8366 -20.7414845485 0.0
1.589e-06 6.954 2.462e-06 2.1178 -20.7406949804 0.0
3.835e-07 9.0988 1.241e-06 7.533 -20.7409890198 0.0
1.018e-06 2.7211 3.102e-06 5.4396 -20.7429026861 0.0
9.173e-07 1.2189 1.617e-06 14.8645 -20.7464494763 0.0
-1.101e-06 -6.7044 -7.129e-06 -16.747 -20.7399680764 0.0
-1.56e-05 -26.6097 2.459e-06 14.0046 -20.7387533562 0.0
-2.552e-05 -56.7506 1.926e-05 36.8113 -20.7442576776 0.0
2.611e-06 7.6259 -2.489e-06 -3.0151 -20.7401811344 0.0
-7.182e-06 -10.1905 7.394e-07 1.5223 -20.7496906583 0.0
-2.375e-06 -9.4809 2.598e-06 6.6044 -20.7454555267 0.0
-1.853e-06 -7.5419 2.523e-06 4.5525 -20.7484349654 0.0
1.966e-06 4.584 -2.709e-06 -0.8092 -20.7409750409 0.0
-5.266e-06 -15.0525 -5.999e-06 -1.1326 -20.7478603834 0.0
-2.181e-06 -2.98 -6.877e-06 -5.8503 -20.7399936241 0.0
1.054e-05 16.3696 3.342e-06 3.7295 -20.7418306473 0.0
2.721e-07 2.7707 1.969e-06 0.1481 -20.7441371696 0.0
4.966e-06 3.6046 3.956e-06 14.3118 -20.757002117 0.0
-1.611e-06 -9.4143 -9.925e-07 3.5715 -20.7440378711 0.0
1.502e-05 24.9418 1.237e-05 22.6713 -20.7370647987 0.0
4.683e-06 7.5943 -4.734e-06 -5.2922 -20.7405739904 0.0
-1.11e-06 -0.6615 1.134e-06 6.6566 -20.7423290682 0.0
3.608e-06 4.49 -7.132e-06 -8.6348 -20.7382129985 0.0
-2.837e-06 2.8874 -3.126e-07 -1.43 -20.7464461021 0.0
6.471e-06 11.556 1.875e-07 5.4128 -20.7497914029 0.0
-1.803e-06 -2.6273 -3.545e-06 -2.595 -20.7379893357 0.0
-7.066e-06 -12.8437 3.405e-07 3.6116 -20.7434888368 0.0
-2.974e-06 -10.6592 4.769e-07 -6.3095 -20.7517759279 0.0
4.185e-06 2.572 -8.104e-06 -10.3035 -20.7422962901 0.0
-1.377e-06 -11.0067 2.516e-06 3.7298 -20.745142688 0.0
-4.675e-06 -6.6335 2.329e-06 1.631 -20.7474029352 0.0
-3.619e-06 -3.8209 9.126e-07 0.0358 -20.7355801407 0.0
4.788e-06 4.6593 1.018e-05 7.7137 -20.7364955191 0.0
1.535e-06 4.1954 3.782e-06 7.6508 -20.7484532826 0.0
1.95e-06 0.4969 -2.159e-06 -9.9877 -20.7479167811 0.0
-2.87e-06 -8.3572 2.59e-07 -1.8081 -20.7516178215 0.0
-2.449e-06 -8.164 -1.992e-06 0.6605 -20.7463665668 0.0
2.803e-06 -2.1813 -1.39e-06 -2.5403 -20.744294794 0.0
-8.297e-06 -12.4871 1.246e-06 -0.3769 -20.7367775077 0.0
4.344e-06 11.6401 -7.708e-07 -1.5959 -20.7417848543 0.0
-6.037e-06 -5.2641 1.854e-06 6.8718 -20.7489994246 0.0
-3.6e-06 -4.3644 -1.654e-06 -1.7363 -20.7403430971 0.0
-4.569e-06 -9.5663 -1.062e-05 -18.9635 -20.7491946475 0.0
-3.142e-06 -1.7102 2.142e-06 4.7222 -20.7404799942 0.0
-5.549e-07 -10.0436 -1.297e-05 -4.5789 -20.7467531563 0.0
2.302e-06 1.1462 4.534e-06 1.0822 -20.74774807 0.0
-3.1e-06 -6.3157 -2.822e-06 -4.0059 -20.7513666829 0.0
-2.025e-06 -5.6904 3.704e-06 6.7938 -20.7466533757 0.0
-5.595e-06 1.2414 -3.98e-06 -7.1019 -20.7444480801 0.0
6.066e-07 -11.8399 -3.989e-06 -9.8501 -20.7420316546 0.0
4.189e-06 3.3947 2.129e-06 3.37 -20.743385682 0.0
2.107e-06 5.099 3.325e-07 2.5287 -20.7427812141 0.0
-9.603e-06 -22.7269 -7.815e-06 -13.2633 -20.7415264853 0.0
3.134e-06 14.3917 -2.272e-06 1.1428 -20.7460556563 0.0
4.25e-06 -2.0315 -3.651e-06 -10.5356 -20.7445146005 0.0
2.046e-07 5.8458 6.669e-06 18.203 -20.7464509224 0.0
9.39e-07 -2.8524 5.893e-07 4.818 -20.7466557859 0.0
-3.934e-06 -2.4841 9.859e-07 4.8125 -20.7426332303 0.0
-3.811e-06 -12.0145 8.448e-06 17.4469 -20.7452550014 0.0
-3.941e-06 -9.098 -4.682e-06 2.0132 -20.7449947042 0.0
-1.006e-05 -13.064 -3.733e-06 -3.922 -20.7390194378 0.0
-8.49e-06 -44.4408 -5.827e-06 10.8114 -20.7482566136 0.0
3.599e-06 11.004 -3.656e-06 -8.2321 -20.7462354541 0.0
-1.091e-05 -18.7462 -3.936e-06 -10.1308 -20.7404395035 0.0
2.433e-07 -0.3996 -3.304e-06 -6.6523 -20.7453065788 0.0
-6.529e-07 1.4858 1.625e-06 8.7067 -20.7455842292 0.0
2.656e-06 3.892 4.147e-06 0.4417 -20.7311844925 0.0
3.086e-06 0.9026 6.025e-06 10.4939 -20.7445748545 0.0
6.409e-07 -3.6406 7.452e-06 14.7957 -20.7462349721 0.0
-1.574e-06 -0.1497 -2.78e-06 -6.0276 -20.7412565474 0.0
5.148e-07 3.5977 -2.004e-06 0.5968 -20.7492129647 0.0
4.184e-06 16.7336 -3.528e-06 -1.4312 -20.7454511884 0.0
-4.188e-06 -0.5667 5.496e-06 14.4312 -20.7447989993 0.0
-9.908e-07 -1.1115 1.575e-06 5.6619 -20.7504460021 0.0
3.109e-06 7.3382 -3.868e-07 -3.3142 -20.7489348324 0.0
-5.371e-06 -2.928 4.685e-07 -0.0729 -20.7559585181 0.0
-1.027e-06 -1.661 -4.264e-06 -7.7666 -20.7419858616 0.0
-8.103e-06 -11.765 -1.19e-05 -11.3247 -20.7465680561 0.0
-3.891e-06 -11.4757 2.475e-06 -2.8736 -20.7451971576 0.0
2.099e-06 7.085 -9.037e-06 -8.8518 -20.7369091024 0.0
4.614e-06 9.5516 7.062e-06 9.455 -20.7478309795 0.0
-3.154e-06 -4.2329 -2.659e-06 -4.541 -20.7440682391 0.0
3.293e-06 5.3824 4.903e-06 7.337 -20.7417713574 0.0
-2.43e-06 -4.7555 -2.248e-06 -3.4821 -20.7408824907 0.0
3.165e-06 7.5936 8.332e-06 10.8726 -20.7508750104 0.0
-5.743e-06 -7.7903 -2.563e-06 -4.7728 -20.7504503404 0.0
-1.362e-06 2.4166 -9.456e-06 -7.1078 -20.7448660017 0.0
2.154e-06 8.2293 -6.256e-06 -7.0254 -20.7406318342 0.0
2.36e-06 0.471 -1.721e-06 0.1734 -20.7461077157 0.0
2.443e-05 63.7015 5.344e-06 15.2608 -20.7502146268 0.0
5.086e-06 -2.3333 1.946e-06 8.3994 -20.75074679 0.0
-3.08e-06 3.4767 -1.016e-06 -9.2954 -20.7492925 0.0
-2.964e-06 -6.0535 7.367e-06 8.1031 -20.7459713007 0.0
-2.194e-06 -4.0957 -3.18e-06 -13.2206 -20.7425387521 0.0
-5.792e-06 -14.9902 5.363e-06 10.4588 -20.7495720784 0.0
3.554e-06 2.042 -1.245e-06 -4.8536 -20.7459968484 0.0
-5.835e-07 4.8134 4.736e-06 7.3367 -20.7493580563 0.0
-3.961e-06 -2.8103 -5.313e-06 -17.3211 -20.7518516069 0.0
-2.361e-06 2.8095 2.451e-07 -4.6014 -20.7470317707 0.0
2.437e-06 3.2995 3.713e-06 7.7766 -20.7487453939 0.0
-5.364e-07 0.7783 4.707e-06 16.0829 -20.7456796715 0.0
1.723e-07 -2.9213 1.518e-06 2.2008 -20.7455461486 0.0
-7.055e-06 -13.1202 2.272e-06 5.1775 -20.7417231542 0.0
1.764e-06 -0.1199 6.175e-06 31.7308 -20.7472559155 0.0
4.906e-06 11.3023 -2.103e-06 -3.2411 -20.7467425516 0.0
2.517e-05 26.6218 -3.643e-07 4.483 -20.7451349755 0.0
3.764e-06 2.9297 -2.505e-06 4.526 -20.7386053724 0.0
2.238e-06 4.7679 -1.37e-05 -16.5132 -20.7458348857 0.0
3.6e-07 8.79 9.42e-06 10.4535 -20.7428530368 0.0
-1.083e-05 -15.4048 -8.47e-06 -10.3174 -20.7377622988 0.0
-8.15e-06 0.9495 -6.006e-06 -4.7269 -20.744369991 0.0
2.967e-06 3.5743 2.86e-06 0.1389 -20.7493479336 0.0
3.339e-06 7.7193 -1.603e-06 -4.0832 -20.7418754763 0.0
3.968e-06 31.9685 3.298e-06 5.4564 -20.7459009241 0.0
-5.425e-06 -8.5264 -2.02e-05 -37.1256 -20.7509868418 0.0
2.504e-07 5.7839 4.267e-06 11.5932 -20.7394855625 0.0
-1.152e-07 -3.2553 1.466e-06 6.6427 -20.7439178451 0.0
-5.308e-06 -4.3013 6.742e-06 28.831 -20.7429643862 0.0
-1.262e-06 -1.0255 -2.997e-06 0.7897 -20.7471681857 0.0
-2.779e-06 -8.6161 -5.615e-06 -6.1964 -20.7514732119 0.0
-2.017e-06 -3.1671 -2.212e-06 -7.6935 -20.7417617168 0.0
-6.997e-06 -10.0876 -7.61e-07 3.8591 -20.7489483292 0.0
-8e-07 -0.9556 3.859e-06 -1.6244 -20.7488302315 0.0
4.45e-06 5.9195 -4.44e-07 1.6037 -20.7407142616 0.0
4.572e-06 8.5486 -6.444e-06 -4.7592 -20.7461708619 0.0
-5.293e-06 -5.9341 4.133e-06 9.051 -20.7352244012 0.0
1.097e-05 -1.7871 -9.731e-06 -7.0995 -20.7469835675 0.0
5.676e-06 9.5794 -3.87e-06 -14.9855 -20.738916765 0.0
-2.86e-06 -7.693 2.667e-06 1.4031 -20.739614265 0.0
-9.639e-06 -15.9951 -4.651e-06 -4.0537 -20.7451899271 0.0
2.715e-07 4.9847 -5.328e-06 -2.5446 -20.7424582528 0.0
1.381e-06 9.4814 -2.697e-07 -3.7223 -20.7507043712 0.0
-3.921e-07 3.1799 -1.598e-06 1.6444 -20.7467550845 0.0
2.612e-06 -10.6659 -2.215e-06 -11.6739 -20.7533324087 0.0
4.02e-06 5.155 -7.384e-06 -15.8211 -20.7393684288 0.0
4.199e-06 9.173 5.334e-06 6.0705 -20.7492751468 0.0
-8.306e-06 -10.9085 -4.742e-07 5.5502 -20.7522251816 0.0
1.702e-06 8.1124 5.382e-06 13.4149 -20.7480006547 0.0
5.283e-06 10.5479 -1.255e-06 -2.3153 -20.7454680595 0.0
-1.77e-06 -5.4464 -4.997e-06 -3.864 -20.7493411852 0.0
-1.609e-06 -5.961 2.467e-07 -3.3065 -20.7388950735 0.0
-1.366e-06 2.0254 -3.337e-06 -12.7835 -20.7429205213 0.0
9.894e-06 14.1259 3.787e-06 6.4235 -20.744431209 0.0
-2.697e-06 -0.1576 2.209e-06 6.8662 -20.7537532225 0.0
2.64e-05 16.3721 6.872e-06 12.297 -20.7482252815 0.0
1.253e-06 -0.3972 1.946e-06 3.1959 -20.745172574 0.0
1.049e-06 3.8321 3.822e-06 8.1963 -20.7511488045 0.0
7.03e-07 1.4645 1.697e-06 11.6794 -20.7501225588 0.0
2.536e-06 -1.6904 7.472e-06 10.6722 -20.7413134272 0.0
7.348e-07 2.1084 6.928e-07 2.777 -20.7497991154 0.0
-3.569e-07 3.7518 3.357e-06 7.0131 -20.7454989095 0.0
-3.073e-06 -12.513 9.426e-07 8.6405 -20.7478256771 0.0
8.172e-06 5.5777 7.499e-06 7.238 -20.7445613576 0.0
-3.421e-06 -19.9015 -3.126e-06 -10.2949 -20.743733709 0.0
-1.026e-06 -8.347 -2.554e-07 -1.6612 -20.7481447822 0.0
6.743e-07 2.3499 4.932e-06 12.2757 -20.7542930981 0.0
1.493e-06 0.8004 2.367e-06 -1.2011 -20.7402394603 0.0
3.559e-07 -3.3315 4.803e-06 6.361 -20.7410642167 0.0
1.961e-07 -2.3311 -1.593e-06 -4.5672 -20.7478599014 0.0
-1.38e-06 -1.3802 -7.889e-06 -10.7256 -20.7486981547 0.0
3.098e-06 8.8258 -1.001e-05 -16.8262 -20.7506161594 0.0
1.324e-05 15.169 -2.981e-06 -4.2622 -20.7441207805 0.0
3.515e-06 2.5436 -7.561e-06 -4.6794 -20.7397863504 0.0
8.41e-06 21.2289 -2.165e-06 -9.7851 -20.7487521423 0.0
-2.197e-06 -1.6696 8.277e-07 11.5444 -20.7434570227 0.0
1.075e-05 0.5896 2.012e-06 8.0083 -20.7446780093 0.0
2.282e-06 0.1213 9.007e-07 2.9106 -20.7397362191 0.0
-3.271e-06 -4.5495 2.437e-06 9.3831 -20.7358385097 0.0
7.054e-06 5.759 -3.228e-06 9.6174 -20.7382718064 0.0
-5.287e-06 -13.3389 -8.387e-07 16.249 -20.74968632 0.0
8.68e-07 5.0286 1.342e-06 0.8735 -20.7435495728 0.0
1.208e-05 21.0334 1.217e-06 -0.2628 -20.7414575547 0.0
-3.128e-06 -9.0784 7.418e-06 13.0495 -20.7559387548 0.0
6.936e-06 26.4112 9.81e-06 -18.9802 -20.7518424483 0.0
6.505e-07 1.9093 -2.741e-06 -1.1677 -20.7428178485 0.0
1.474e-06 1.4464 -4.689e-06 -8.4836 -20.7471691498 0.0
-2.845e-06 -7.8846 9.598e-06 14.7729 -20.7526459954 0.0
5.311e-07 9.4801 -1.177e-05 -16.5074 -20.7468784846 0.0
5.254e-06 5.6597 -7.302e-06 -7.3744 -20.7401628172 0.0
-1.418e-06 -1.5103 -2.339e-06 -11.4377 -20.749565812 0.0
6.805e-07 0.4003 -3.869e-06 -7.0368 -20.7459486452 0.0
-7.992e-06 -10.7181 7.687e-06 12.8322 -20.7470534622 0.0
-6.732e-06 1.3761 -2.573e-06 -12.4853 -20.7462248494 0.0
4.502e-06 11.9755 -6.504e-07 -1.6232 -20.739371321 0.0
4.684e-06 8.3687 -4.72e-06 -10.2542 -20.7425773146 0.0
-1.264e-05 -47.9874 -5.596e-07 3.6859 -20.752625268 0.0
4.486e-06 2.8305 3.048e-06 7.3323 -20.7432805991 0.0
2.719e-07 6.1886 5.557e-06 18.8105 -20.7396147471 0.0
3.411e-07 4.404 2.835e-06 2.5369 -20.744279369 0.0
-3.398e-06 -2.5822 2.913e-06 8.4323 -20.7424129418 0.0
-3.821e-06 -10.4911 2.647e-06 0.4462 -20.7384684754 0.0
4.936e-06 5.1011 -6.623e-06 -8.0794 -20.749337811 0.0
-1.572e-06 3.4139 1.874e-06 -1.2031 -20.7454584188 0.0
-8.449e-06 -13.1562 2.326e-07 1.6565 -20.7462904058 0.0
-5.272e-06 -7.7869 5.956e-06 1.4775 -20.7465391342 0.0
-1.862e-06 3.3015 1.71e-05 32.3819 -20.7448660017 0.0
5.121e-06 11.0293 -2.959e-06 -5.0797 -20.7414831024 0.0
8.145e-07 -3.2585 1.083e-05 15.1093 -20.7457355871 0.0
-8.355e-06 -8.996 1.498e-05 30.9132 -20.7436300721 0.0
-1.614e-06 -11.0218 -3.528e-06 -9.4145 -20.7444519364 0.0
6.116e-07 -10.7341 -1.403e-06 7.3612 -20.7453639406 0.0
-5.481e-06 -0.9268 -4.689e-06 -19.6731 -20.7379454708 0.0
-3.031e-06 -5.9221 3.675e-06 3.4613 -20.7533483157 0.0
1.925e-06 8.2033 -1.474e-06 4.4769 -20.7417756957 0.0
-1.722e-06 -3.2901 8.429e-06 4.6277 -20.7470385192 0.0
2.709e-05 35.7703 -7.432e-06 -9.699 -20.7459105647 0.0
-2.08e-06 1.5513 -2.089e-06 -1.1854 -20.7412661881 0.0
-1.022e-05 -14.2095 9.609e-07 -2.3014 -20.7485496889 0.0
4.909e-06 12.7399 -2.682e-06 4.8893 -20.7545500211 0.0
1.369e-05 26.6429 1.053e-05 22.3113 -20.7430019847 0.0
-1.419e-06 5.6373 3.726e-07 3.9093 -20.7475755026 0.0
-7.601e-07 9.6671 6.29e-06 13.9698 -20.7409943221 0.0
-6.487e-06 -9.1707 -3.623e-06 -9.3156 -20.7489097667 0.0
1.537e-06 2.8013 4.213e-06 6.3465 -20.7490312387 0.0
2.671e-07 10.3193 6.575e-07 10.1076 -20.7405200028 0.0
1.15e-05 27.3541 -9.279e-06 -25.0163 -20.7424360793 0.0
4.816e-06 0.8953 -7.226e-06 -4.9694 -20.7458184966 0.0
-2.868e-06 0.1331 -5.721e-06 -10.3568 -20.7523143575 0.0
-7.912e-06 -8.6404 6.316e-06 6.8962 -20.7464345333 0.0
4.793e-07 0.3281 -8.373e-06 -21.5808 -20.7429532995 0.0
5.663e-06 2.4596 7.351e-06 13.4036 -20.7476217777 0.0
-3.833e-06 -9.5069 3.751e-06 12.8209 -20.7367861843 0.0
-5.786e-06 -4.5076 1.073e-07 -1.161 -20.7422856854 0.0
8.787e-08 -9.4373 -2.984e-06 -9.128 -20.7395140024 0.0
-2.255e-06 -8.5569 -2.915e-06 -5.6338 -20.7406631663 0.0
2.264e-06 1.1581 -3.896e-07 -1.3241 -20.7533319266 0.0
9.675e-07 2.0151 7.373e-06 4.8212 -20.7507429337 0.0
-8.159e-06 -24.4187 -7.728e-06 -22.3683 -20.7439351983 0.0
-7.182e-06 -12.3595 3.92e-06 8.2271 -20.7464595989 0.0
1.58e-06 -5.0826 -2.193e-06 -11.5938 -20.7440855922 0.0
-3.267e-06 -2.8736 -1.682e-06 -4.5149 -20.7522271097 0.0
-4.507e-06 -5.9496 8.384e-06 20.9904 -20.7467652071 0.0
-2.292e-06 -2.4563 -1.494e-06 -1.9527 -20.7447247664 0.0
3.623e-06 7.9599 6.427e-06 10.1279 -20.7406670225 0.0
4.148e-06 9.7038 -8.727e-08 3.6381 -20.7446707788 0.0
-9.529e-08 -4.5778 -4.113e-07 3.2778 -20.7418171505 0.0
1e-06 7.6521 -7.635e-06 -29.764 -20.7438778365 0.0
-6.771e-06 -16.9261 -1.209e-06 3.3944 -20.7449204713 0.0
4.613e-07 0.2983 -5.724e-06 -16.8709 -20.7449084205 0.0
-1.532e-06 -2.3771 -1.86e-06 -2.6744 -20.7443000964 0.0
-5.079e-06 -7.7098 6.81e-06 7.4858 -20.747338343 0.0
-3.806e-06 -12.3537 1.69e-06 0.5602 -20.738463173 0.0
2.856e-06 5.5993 3.306e-06 9.9115 -20.742204222 0.0
-9.382e-06 -11.843 1.434e-05 19.7223 -20.7569698208 0.0
1.573e-06 4.5901 -4.934e-06 -5.3948 -20.7419222334 0.0
1.153e-06 -1.1708 -5.666e-06 -10.3287 -20.738387494 0.0
4.148e-06 4.178 7.899e-07 8.5561 -20.7458686279 0.0
-2.466e-06 -5.4092 -4.982e-06 -6.6391 -20.7472877296 0.0
-3.427e-07 -3.3462 1.142e-06 1.3257 -20.7511049396 0.0
-1.89e-06 0.2328 -7.824e-07 -4.7636 -20.7414888868 0.0
1.313e-05 21.0214 4.895e-06 5.9762 -20.7449093846 0.0
-1.211e-06 -17.2972 8.621e-06 16.4478 -20.7409388885 0.0
1.13e-06 8.1822 1.802e-06 5.6908 -20.7501996839 0.0
-4.653e-06 -15.2141 -3.89e-06 -2.9624 -20.7446182374 0.0
-3.105e-06 -4.1425 -4.654e-06 -7.4566 -20.746914155 0.0
-2.374e-06 -4.0843 9.355e-07 0.8689 -20.7446616202 0.0
-3.126e-06 -3.7397 1.111e-05 28.6651 -20.7507111196 0.0
6.719e-07 5.1181 -3.258e-06 -1.5883 -20.750368877 0.0
-3.327e-06 -3.3515 8.145e-06 10.3453 -20.742643353 0.0
-8.661e-06 -17.4065 -6.714e-06 -10.4829 -20.7421974736 0.0
-1.338e-06 -16.1207 3.967e-06 8.9611 -20.746959948 0.0
-1.497e-06 -6.4197 3.975e-06 9.213 -20.7525539273 0.0
-6.715e-06 -5.6935 2.218e-07 8.6255 -20.7432989163 0.0
1.399e-06 5.1791 3.809e-06 6.0108 -20.7400297765 0.0
8.551e-06 14.7412 1.034e-06 -0.7435 -20.741143752 0.0
-1.707e-05 -36.3701 1.917e-06 20.12 -20.7477273426 0.0
-1.029e-05 -10.538 5.479e-06 1.5558 -20.7432907217 0.0
-4.647e-06 -28.1926 -7.467e-06 -9.6024 -20.7484865428 0.0
1.431e-07 -6.7759 -5.286e-06 -20.527 -20.7420485257 0.0
-3.258e-06 -26.4575 -1.722e-06 -7.192 -20.7457148598 0.0
-2.336e-06 2.9923 -1.894e-06 -1.3502 -20.7386834616 0.0
-1.849e-06 1.1033 1.624e-06 7.4821 -20.7435924737 0.0
-3.479e-06 -0.0594 4.868e-06 22.0177 -20.7472043381 0.0
-4.959e-06 -10.2504 1.269e-05 17.0718 -20.7489078386 0.0
-1.127e-05 -28.6352 -5.839e-06 -10.6663 -20.7459226155 0.0
5.879e-06 -2.619 3.299e-07 -7.1525 -20.7479399187 0.0
2.235e-06 1.401 -8.128e-06 -11.9644 -20.747368711 0.0
-9.245e-06 -6.8012 1.361e-05 17.4083 -20.7408607993 0.0
1.66e-06 -1.1513 -2.096e-06 -4.3992 -20.7484113458 0.0
1.624e-06 -2.0177 -3.552e-06 -17.9618 -20.7429552276 0.0
-7.066e-06 -12.8437 3.405e-07 3.6116 -20.7434888368 0.0
-5.187e-06 -5.164 1.064e-06 2.4365 -20.7473836539 0.0
2.564e-06 -1.0442 -4.574e-06 -8.4699 -20.7426476913 0.0
6.505e-06 -0.6441 -1.529e-06 -6.2305 -20.7453200757 0.0
5.336e-06 10.7977 3.047e-06 2.6588 -20.7453046507 0.0
1.94e-06 10.9268 -2.882e-07 -0.8639 -20.7415197368 0.0
-6.364e-06 -11.7596 -4.764e-06 -6.7209 -20.7448327415 0.0
-2.042e-06 -10.6151 2.741e-06 -7.2322 -20.7516785575 0.0
5.373e-06 12.4202 6.68e-07 -0.9866 -20.7471214286 0.0
-4.339e-06 3.9008 -8.218e-06 -5.5621 -20.7335276492 0.0
6.878e-06 18.3235 5.711e-07 -5.1915 -20.7466331304 0.0
-7.573e-06 -20.1065 -2.048e-06 -2.0149 -20.7551771445 0.0
1.378e-05 31.2306 -2.535e-06 -9.0809 -20.7495460487 0.0
3.28e-06 3.5533 2.798e-07 2.6131 -20.7431109239 0.0
8.603e-07 5.3038 1.779e-05 18.4742 -20.7522955582 0.0
3.72e-06 9.0888 1.986e-06 4.71 -20.7448033376 0.0
-4.444e-06 -13.7074 -2.584e-06 -18.1762 -20.7408342876 0.0
5.354e-06 12.3346 -5.19e-06 -7.1051 -20.7504151521 0.0
-3.699e-07 7.746 6.895e-09 -5.0141 -20.7431167082 0.0
-6.395e-06 -16.1178 -6.954e-06 -2.8001 -20.7468731822 0.0
5.713e-06 29.031 -6.911e-06 -2.8715 -20.7483578403 0.0
-1.107e-06 -0.224 -3.075e-06 -5.0061 -20.7388087898 0.0
6.366e-06 7.8285 -1.672e-05 -14.8943 -20.7494173462 0.0
3.207e-07 -6.8595 1.107e-05 14.868 -20.7447185 0.0
4.894e-06 7.4329 -3.577e-07 -1.4971 -20.7442273096 0.0
-5.047e-06 -16.5927 -3.111e-06 -6.7858 -20.7479216015 0.0
-5.766e-06 -5.4109 -6.583e-06 -9.1418 -20.7423883582 0.0
-6.763e-06 -7.8082 5.37e-06 1.6229 -20.7419892358 0.0
-3.198e-05 -45.1027 1.661e-05 24.1871 -20.7480546422 0.0
-2.091e-06 -4.2184 -2.165e-06 -2.2456 -20.7459949203 0.0
-3.334e-06 -4.1323 -2.354e-06 15.1823 -20.7437968552 0.0
5.092e-06 4.4764 5.501e-06 14.873 -20.7466442171 0.0
-7.97e-06 -5.7274 -6.254e-07 3.2777 -20.7455051759 0.0
2.215e-06 3.3477 -2.098e-06 -2.7877 -20.7455196369 0.0
-1.412e-05 -16.7769 2.462e-06 5.8711 -20.7511126521 0.0
-1.665e-05 -52.2973 1.332e-05 47.374 -20.7534982276 0.0
-1.12e-06 -1.7974 4.571e-06 17.805 -20.7439752069 0.0
1.758e-07 5.0193 1.235e-06 -0.6654 -20.7453480336 0.0
2.691e-06 3.4868 -1.441e-06 2.5579 -20.748383388 0.0
-1.411e-06 -7.0589 4.498e-06 11.149 -20.7539686907 0.0
-4.622e-06 -6.2605 4.737e-06 5.9026 -20.7396875339 0.0
3.356e-06 -1.7786 3.7e-07 -1.0839 -20.7480141516 0.0
3.619e-06 8.5913 -1.41e-06 -2.2072 -20.7459780492 0.0
-4.124e-06 -1.8312 1.155e-05 20.8424 -20.7497793521 0.0
-4.951e-06 -13.0509 3.298e-06 -3.5133 -20.7426182873 0.0
-7.255e-07 3.3112 5.658e-07 2.4427 -20.7412295537 0.0
8.049e-08 1.0154 -6.077e-06 -9.7055 -20.7441795884 0.0
1.056e-05 11.4833 2.618e-06 4.502 -20.7440012366 0.0
3.245e-06 3.3366 -8.595e-07 -4.0754 -20.7424789801 0.0
-1.7e-06 -5.5722 -1.535e-06 2.1431 -20.74920236 0.0
-8.513e-06 -20.6973 -8.695e-06 -6.7888 -20.7471248029 0.0
-3.408e-06 -6.047 4.08e-06 -7.9269 -20.7506609883 0.0
-3.345e-06 -4.6584 1.003e-06 6.2666 -20.739280217 0.0
-1.644e-06 -4.4636 9.76e-07 3.807 -20.7537826264 0.0
4.236e-06 2.4991 2.886e-06 12.9189 -20.7456815996 0.0
1.395e-06 5.1038 -2.179e-06 -8.0437 -20.7428438782 0.0
5.224e-06 10.9711 4.874e-06 6.8988 -20.7427436156 0.0
-2.256e-06 -7.9019 4.283e-06 10.5665 -20.7398162364 0.0
8.216e-07 -4.9172 -2.21e-06 -13.3295 -20.7477466239 0.0
2.504e-06 8.6594 -9.879e-07 -15.1475 -20.7466225257 0.0
1.15e-05 15.1716 1.495e-06 -2.1833 -20.7420427413 0.0
9.164e-06 24.2798 -4.015e-06 -2.3294 -20.7452877796 0.0
-5.333e-07 7.0012 -6.891e-07 -2.4508 -20.7387215421 0.0
3.591e-06 3.7732 -2.821e-06 3.1203 -20.743612719 0.0
6.938e-06 16.3622 -8.997e-06 -11.9737 -20.7472578436 0.0
7.029e-06 14.0851 -2.431e-06 -0.1395 -20.745703773 0.0
2.349e-06 -6.1978 3.122e-07 8.5048 -20.7447050031 0.0
-7.241e-06 -8.671 -2.151e-06 2.7863 -20.7412218412 0.0
4.507e-08 7.941 -2.422e-06 8.056 -20.7376258837 0.0
-7.967e-06 -7.421 7.425e-08 -6.1541 -20.7436527276 0.0
2.451e-06 6.3473 -5.571e-06 -12.4934 -20.7404091355 0.0
2.491e-06 4.7935 -1.041e-05 -14.4971 -20.7395790767 0.0
2.149e-05 31.7336 6.999e-06 10.0101 -20.7471768623 0.0
-4.04e-06 -4.8024 8.29e-06 13.9935 -20.744324198 0.0
1.288e-06 -2.2053 -1.007e-06 7.4526 -20.736796307 0.0
5.043e-06 7.6223 -1.206e-06 -0.3787 -20.7502112526 0.0
1.459e-05 14.3697 1.018e-05 16.4334 -20.7413760913 0.0
1.011e-08 -6.7849 1.261e-06 4.4267 -20.7452713905 0.0
-7.308e-06 -18.443 3.056e-07 -2.0134 -20.7507250985 0.0
3.282e-06 7.0593 1.806e-06 -1.4542 -20.7393838538 0.0
4.451e-06 10.3662 8.42e-06 10.129 -20.7432608358 0.0
9.275e-06 -6.0851 1.966e-06 0.6771 -20.7493416672 0.0
7.482e-07 -9.6368 -4.088e-07 0.5087 -20.7486711609 0.0
1.806e-06 1.3422 -2.816e-06 -5.1444 -20.7462258135 0.0
4.509e-07 -5.8219 -5.763e-07 -1.1836 -20.741082534 0.0
2.669e-06 4.3257 -6.106e-06 -12.1429 -20.7507496822 0.0
-2.424e-06 -6.7323 1.978e-06 2.3869 -20.7518183467 0.0
8.698e-07 3.5796 1.182e-07 -2.2086 -20.7503587544 0.0
-2.945e-06 -2.5935 -1.434e-06 0.8192 -20.7502874137 0.0
8.344e-07 9.1328 2.469e-06 4.7556 -20.7366965264 0.0
1.87e-06 2.2045 1.619e-06 8.7167 -20.7442258635 0.0
6.271e-06 13.4535 3.252e-06 8.5755 -20.745323932 0.0
2.038e-05 28.0998 -3.065e-06 -0.956 -20.749080888 0.0
2.479e-06 4.574 4.443e-06 6.7473 -20.7503124793 0.0
5.928e-06 9.1234 1.488e-06 8.9937 -20.7392484029 0.0
5.109e-06 9.7078 -3.605e-06 -7.4425 -20.7452699444 0.0
5.627e-06 9.0274 -5.671e-06 -6.7223 -20.7494226486 0.0
1.142e-05 25.011 1.964e-06 4.9026 -20.7461067516 0.0
2.275e-07 -1.0432 -1.137e-06 -19.3435 -20.7462306338 0.0
1.909e-06 5.2386 -1.824e-06 -3.3862 -20.7494009571 0.0
7.024e-06 -24.2862 1.161e-05 19.4834 -20.7554605792 0.0
3.107e-06 7.5152 -1.892e-05 -41.2275 -20.7432391443 0.0
-1.452e-06 1.4514 3.652e-06 5.6218 -20.7488779526 0.0
-6.188e-06 -12.2207 -2.213e-06 -0.078 -20.7386805694 0.0
-2.706e-06 -2.719 -1.548e-06 -6.3753 -20.7452280076 0.0
1.938e-06 5.4813 -1.224e-06 -1.6278 -20.7415746884 0.0
7.618e-06 14.5174 6.923e-06 19.22 -20.7475335658 0.0
2.754e-06 2.5932 -3.172e-06 -0.7031 -20.7416494034 0.0
-2.494e-06 -1.7216 -3.481e-06 -18.0867 -20.7481467103 0.0
-3.412e-06 -0.8074 1.752e-06 4.7586 -20.7356225595 0.0
3.707e-06 19.9057 3.016e-05 64.7453 -20.7473826899 0.0
-4.319e-06 -5.0131 1.706e-06 -5.8954 -20.745763545 0.0
-6.897e-06 -7.4001 7.916e-06 19.7201 -20.7536433192 0.0
-4.302e-06 -8.1076 1.728e-07 13.3994 -20.7365615575 0.0
-5.182e-06 -18.6717 6.775e-06 18.845 -20.7408603173 0.0
-3.531e-08 -4.3869 5.208e-06 17.7814 -20.7450125394 0.0
1.399e-06 -0.9096 7.92e-06 13.4592 -20.7386005521 0.0
9.514e-07 8.5012 -5.654e-06 -5.6756 -20.7431726239 0.0
2.966e-06 4.7596 -4.33e-07 1.4095 -20.7469372925 0.0
-2.939e-06 -11.7 -2.388e-06 -3.2375 -20.7558500609 0.0
-1.087e-05 -19.5067 -1.025e-06 -1.0267 -20.7455408463 0.0
7.459e-07 -3.3908 1.866e-06 11.5728 -20.7483626606 0.0
1.483e-06 -0.9374 4.886e-06 9.4241 -20.7396480072 0.0
-1.96e-06 -4.2476 2.533e-06 8.1199 -20.7489666465 0.0
6.623e-06 10.7991 -7.008e-06 -22.0863 -20.7430096972 0.0
3.598e-06 5.7897 -9.432e-06 -11.8616 -20.7519750071 0.0
-2.984e-06 -14.5073 -9.835e-07 1.1918 -20.7443834879 0.0
2.034e-07 -8.4081 6.362e-06 7.8022 -20.7479437749 0.0
1.04e-05 8.412 9.154e-06 10.2183 -20.7508562112 0.0
-8.671e-07 -14.4923 -4.573e-06 -16.8034 -20.7442046541 0.0
1.139e-05 25.3697 -6.652e-07 1.9795 -20.7406381006 0.0
3.638e-06 10.0978 6.864e-06 13.9516 -20.7447806821 0.0
-3.602e-06 -4.6612 6.752e-08 -1.5793 -20.743900974 0.0
2.479e-06 3.6656 1.995e-06 5.937 -20.746490931 0.0
1.817e-06 2.4758 -5.539e-06 -6.3677 -20.7475094643 0.0
3.27e-06 11.1621 -4.788e-06 -13.4423 -20.7426337124 0.0
-2.182e-06 0.0842 -1.834e-08 -4.7671 -20.7442740667 0.0
-1.755e-05 -29.3326 -4.783e-05 -57.0066 -20.7449826534 0.0
-6.6e-06 -2.8998 8.682e-06 15.5294 -20.737887145 0.0
-2.361e-05 -33.0375 -8.301e-06 -2.6853 -20.7456386987 0.0
-3.289e-05 -45.5021 -2.116e-05 -26.9529 -20.7586559681 0.0
-1.129e-05 -13.9134 3.807e-06 11.4754 -20.745793913 0.0
1.483e-06 2.5684 -2.82e-06 -8.8604 -20.747960646 0.0
-3.916e-05 -81.3523 8.572e-06 14.0789 -20.7591129343 0.0
1.035e-06 6.6169 8.764e-06 11.2361 -20.7354432437 0.0
5.308e-06 3.1837 4.861e-07 5.9448 -20.7421859048 0.0
1.669e-06 1.9246 5.495e-06 6.8999 -20.7437124996 0.0
1.544e-06 10.766 1.369e-06 3.9252 -20.7456844918 0.0
9.816e-06 10.7733 2.346e-06 4.5502 -20.7490379872 0.0
6.833e-06 9.8005 2.86e-06 6.7794 -20.7514934573 0.0
-3.609e-06 -7.368 5.027e-06 1.2735 -20.7509733449 0.0
3.499e-06 1.8843 -7.506e-07 -0.7649 -20.7449966324 0.0
8.156e-07 3.9273 -4.684e-06 -7.7788 -20.7441824806 0.0
-6.452e-06 -12.1755 3.067e-06 3.6608 -20.7481896112 0.0
1.118e-06 0.4566 5.571e-07 0.721 -20.7455384361 0.0
-1.971e-06 3.3281 2.81e-06 11.069 -20.7465473287 0.0
-7.679e-07 -4.462 -2.958e-06 1.0198 -20.7520391173 0.0
2.763e-06 4.6269 1.099e-05 19.6569 -20.7482060002 0.0
-4.971e-07 -7.338 2.996e-06 5.4812 -20.7389943721 0.0
-2.04e-06 1.6382 2.177e-07 0.1448 -20.7433476015 0.0
1.137e-05 22.9124 4.154e-07 2.9256 -20.7497976693 0.0
-2.065e-06 -0.9874 5.069e-06 9.1405 -20.7501375018 0.0
-6.446e-06 -15.1443 -1.683e-05 -17.4302 -20.7446071506 0.0
4.441e-06 13.0142 2.818e-06 -1.5553 -20.7477442138 0.0
-2.093e-06 -14.057 -1.818e-06 1.5537 -20.7501751002 0.0
-2.67e-06 -6.4261 2.86e-07 -4.3838 -20.7428390579 0.0
-8.219e-07 3.9894 -3.282e-07 3.7505 -20.7450380871 0.0
-6.222e-07 0.463 2.11e-07 -2.4368 -20.7397680332 0.0
1.856e-05 29.3591 3.794e-06 10.2684 -20.7395496728 0.0
-2.641e-07 -0.0345 1.068e-07 -11.8474 -20.7514934573 0.0
-1.758e-05 -21.273 -1.122e-05 -17.3823 -20.7442027259 0.0
-4.038e-06 -1.4448 7.425e-07 -7.3723 -20.7315209507 0.0
-6.557e-07 -3.6202 -5.535e-06 -3.1992 -20.7493411852 0.0
3.256e-06 9.024 -3.786e-06 -5.628 -20.7439332702 0.0
-3.094e-06 4.718 -7.854e-06 -31.2369 -20.7400157975 0.0
-3.648e-06 -0.1445 -1.975e-06 0.12 -20.7468061798 0.0
-2.709e-06 -19.6974 -6.749e-07 3.981 -20.7511902593 0.0
-4.877e-06 -5.3354 2.752e-06 9.9619 -20.7454034672 0.0
7.262e-08 2.1751 -6.419e-07 -1.7344 -20.7476333464 0.0
-6.065e-07 0.6097 3.814e-06 -12.6416 -20.7542723707 0.0
-3.052e-06 -10.4516 8.94e-07 -1.4498 -20.7427898907 0.0
-4.757e-06 -6.9732 1.924e-06 -3.3006 -20.7420769656 0.0
9.853e-06 19.3524 6.116e-06 11.3347 -20.7560737237 0.0
2.321e-06 3.9902 9.104e-06 16.9283 -20.748369409 0.0
-1.503e-06 -9.8048 -1.414e-05 -18.6176 -20.7474361954 0.0
4.954e-06 6.3249 1.086e-07 5.2711 -20.7481148962 0.0
-5.936e-06 -15.0083 4.113e-06 9.4476 -20.7517026591 0.0
-1.044e-05 -24.0258 -8.702e-06 -6.8841 -20.7405595294 0.0
6.846e-06 11.5509 -4.347e-06 -11.9637 -20.7464591169 0.0
4.459e-06 1.9718 -8.649e-06 -8.6654 -20.744385416 0.0
-9.726e-06 -10.4169 3.205e-06 13.0712 -20.7412165388 0.0
1.457e-06 2.4027 -5.422e-06 -8.1291 -20.7434575047 0.0
1.624e-06 2.3467 7.151e-06 12.3138 -20.7457071473 0.0
6.605e-06 5.8736 9.465e-06 11.6875 -20.7417284566 0.0
8.542e-07 0.8518 -1.343e-06 -11.1348 -20.7401088297 0.0
8.594e-07 -0.5716 4.06e-06 2.6308 -20.7492722546 0.0
1.798e-06 9.123 6.517e-06 2.6491 -20.7500483259 0.0
-7.629e-08 -3.9014 2.209e-06 13.8039 -20.7475692362 0.0
1.617e-07 5.6483 3.166e-07 -5.8356 -20.7487458759 0.0
-7.194e-06 -7.4249 1.775e-06 -3.2448 -20.7456165253 0.0
6.638e-06 20.5184 -3.663e-06 -6.5341 -20.7464697216 0.0
8.312e-06 8.6227 4.496e-06 8.3493 -20.7441612712 0.0
2.581e-06 12.8848 4.063e-06 7.2414 -20.7446669226 0.0
5.171e-06 10.0833 3.026e-07 15.3036 -20.7496361887 0.0
-1.628e-06 4.1592 -1.156e-06 -15.195 -20.7411929192 0.0
3.676e-06 4.0266 1.905e-07 1.0544 -20.7486513976 0.0
-1.58e-06 -3.0974 -3.703e-06 -3.7429 -20.7492206772 0.0
6.182e-07 -0.6936 -6.291e-06 -7.3948 -20.7441149962 0.0
1.91e-05 27.9364 -3.259e-05 -49.6317 -20.7422418205 0.0
-3.432e-06 -5.989 -3.348e-06 -6.0438 -20.7480464477 0.0
1.898e-06 2.378 -2.569e-06 -0.2434 -20.7461549548 0.0
2.039e-06 -1.2343 3.74e-06 3.019 -20.7458440443 0.0
-5.057e-06 -1.8014 -7.203e-06 -25.2135 -20.742310269 0.0
-5.434e-06 -12.7487 -5e-06 -8.0945 -20.7533815759 0.0
1.285e-05 23.6708 -9.523e-06 -16.3303 -20.7466591601 0.0
2.737e-06 3.795 1.405e-06 -0.5542 -20.7469180112 0.0
2.773e-07 5.195 -7.692e-07 2.1406 -20.7374152358 0.0
-4.689e-07 -3.4549 2.041e-06 12.4865 -20.7489092847 0.0
-1.616e-07 -3.2563 -2.53e-06 -9.5038 -20.7456295401 0.0
-2.695e-06 0.6453 7.913e-07 -6.6475 -20.7463034206 0.0
-2.782e-06 -8.1881 -1.036e-06 -9.2306 -20.739931924 0.0
1.367e-06 7.3398 5.084e-06 4.0698 -20.7325264691 0.0
-1.183e-06 -8.2074 -1.177e-06 -0.8609 -20.7466244538 0.0
-7.244e-06 -10.0872 -4.347e-06 -4.5082 -20.7446963265 0.0
3.004e-06 6.2792 3.286e-06 5.3845 -20.7411244707 0.0
1.692e-07 -1.5735 -8.886e-07 0.713 -20.734539916 0.0
-1.389e-06 3.923 1.339e-06 0.4053 -20.7431509325 0.0
2.497e-07 4.4224 8.762e-07 5.0735 -20.7466312023 0.0
6.84e-06 18.2551 -1.01e-05 -15.2297 -20.7438662677 0.0
2.252e-07 28.5495 9.897e-07 -1.0422 -20.7482113026 0.0
-1.984e-06 -9.8482 -8.271e-07 4.9691 -20.7528200089 0.0
7.37e-07 1.3616 -6.989e-06 -7.4143 -20.7471084138 0.0
-3.821e-07 -7.8223 5.771e-06 7.6774 -20.7425401982 0.0
-7.152e-07 -3.8176 2.301e-06 4.9281 -20.7515546753 0.0
-4.564e-07 3.0283 -9.477e-06 -18.4419 -20.7510909607 0.0
1.51e-06 4.5333 -3.889e-06 -8.894 -20.745217885 0.0
4.722e-08 5.691 -4.392e-07 -6.9344 -20.7421839767 0.0
2.963e-06 6.5026 -5.858e-07 -7.0641 -20.7522415707 0.0
1.514e-05 38.5541 2.672e-06 -2.6645 -20.7484074895 0.0
6.73e-06 16.0206 9.522e-06 21.7002 -20.7415968619 0.0
-2.239e-07 2.9944 -5.693e-06 -10.4588 -20.7433943586 0.0
-2.373e-07 -6.8813 -1.882e-06 -7.6501 -20.7437766098 0.0
5.919e-06 11.0909 5.087e-06 1.9253 -20.7436657425 0.0
-9.452e-06 -20.7572 1.129e-05 25.008 -20.7483322926 0.0
-5.015e-06 -8.1208 -7.916e-06 -21.0507 -20.7337156416 0.0
-2.504e-06 -8.5706 -1.71e-05 -28.068 -20.7454863767 0.0
1.122e-06 5.7336 3.946e-06 7.1282 -20.742582135 0.0
3.465e-06 5.7133 4.36e-06 6.5753 -20.7431027293 0.0
3.183e-06 -2.398 2.25e-06 5.7499 -20.7375588813 0.0
-4.163e-06 -12.9396 9.463e-06 21.6175 -20.7454020211 0.0
2.64e-06 0.1591 -4.606e-06 -6.4119 -20.7409948042 0.0
8.283e-07 4.6273 -3.718e-06 -0.1762 -20.7445237591 0.0
4.558e-06 5.6082 -1.071e-06 -1.2702 -20.7382857853 0.0
-6.317e-06 -3.1947 7.619e-06 7.6597 -20.7451224427 0.0
9.758e-06 18.1004 2.051e-06 8.894 -20.7385865732 0.0
3.109e-06 5.2467 3.709e-06 5.4303 -20.7451865529 0.0
-6.658e-06 -9.4505 7.8e-06 13.7054 -20.7452901897 0.0
2.158e-06 3.7789 -3.941e-06 -10.159 -20.7493334727 0.0
-6.457e-06 -12.6597 3.899e-07 0.8401 -20.741795459 0.0
-4.062e-06 -4.1509 1.768e-06 6.1748 -20.7528773706 0.0
-3.662e-06 -6.8957 -4.461e-06 -3.4994 -20.7489608621 0.0
-6.716e-06 -9.4386 9.4e-06 7.7353 -20.7401623352 0.0
1.409e-05 24.5447 1.848e-05 28.8355 -20.748808058 0.0
-2.566e-06 -6.2065 -4.005e-06 -11.0614 -20.7472081944 0.0
5.138e-06 9.178 -5.842e-06 -9.6506 -20.7419135568 0.0
-4.499e-06 -24.8364 5.219e-06 13.9029 -20.7411601411 0.0
1.653e-06 7.7736 -1.626e-06 -1.0344 -20.7452834413 0.0
5.588e-06 5.9552 -1.578e-06 -23.877 -20.748930012 0.0
-1.963e-05 -22.0079 -2.497e-06 1.3291 -20.7371525285 0.0
4.172e-06 9.9458 -6.405e-06 -13.3495 -20.7515980582 0.0
-2.64e-06 -3.6746 -6.613e-06 -10.198 -20.7443174495 0.0
-9.766e-07 -5.1475 -4.53e-06 -12.3699 -20.7433278382 0.0
-3.011e-06 -0.9299 7.927e-07 5.1975 -20.7429884878 0.0
1.295e-05 20.095 -7.373e-06 -7.3237 -20.7437684153 0.0
-1.711e-06 -0.1856 6.047e-07 1.7218 -20.7436262159 0.0
-4.27e-06 -4.5216 -1.292e-05 -11.8046 -20.7452154748 0.0
3.506e-06 7.1808 -1.683e-06 12.6974 -20.7455876034 0.0
1.076e-06 3.8602 -8.972e-07 -1.8835 -20.7488369799 0.0
-6.333e-06 -8.9127 2.819e-06 5.2487 -20.7442755128 0.0
1.726e-07 5.4603 4.805e-06 1.8682 -20.7342372 0.0
3.484e-06 6.3074 -1.683e-06 0.0976 -20.742188797 0.0
-5.813e-06 -9.2864 -5.616e-06 -6.6753 -20.7381932352 0.0
1.576e-06 10.6856 2.384e-06 11.3368 -20.7542477871 0.0
-3.692e-06 -6.0642 4.202e-06 10.3758 -20.742173372 0.0
2.822e-06 -2.0361 -1.347e-07 9.6141 -20.7485675241 0.0
7.655e-07 4.3121 -1.628e-06 -16.0896 -20.7465092482 0.0
4.005e-06 -0.3647 4.267e-06 14.9369 -20.7517653232 0.0
-1.26e-05 -26.6385 -1.424e-06 -14.0991 -20.7526426211 0.0
2.15e-07 -2.5213 2.701e-06 9.5141 -20.739704887 0.0
5.222e-07 5.2477 3.847e-06 -2.822 -20.7470115254 0.0
3.61e-06 7.4291 3.417e-06 10.3851 -20.7388830227 0.0
2.062e-06 9.293 3.447e-06 1.1776 -20.7484585849 0.0
9.406e-06 17.0706 -5.602e-06 -10.6445 -20.7448047837 0.0
-5.835e-06 -16.3819 3.4e-06 2.7424 -20.7390584823 0.0
4.022e-05 37.4803 -2.877e-05 -28.7388 -20.743840238 0.0
8.28e-06 1.4456 1.452e-05 6.4997 -20.7421695157 0.0
-4.861e-07 5.185 -2.771e-06 -3.7828 -20.7431779263 0.0
-1.317e-05 -20.0156 9.893e-06 19.5154 -20.7433220538 0.0
-2.837e-07 22.9405 8.29e-06 14.7166 -20.7485901796 0.0
4.022e-06 7.0073 -4.402e-06 -8.1981 -20.7439650843 0.0
-3.958e-06 -0.5234 -4.702e-06 -8.9264 -20.7507284728 0.0
8e-07 5.3021 -9.66e-07 -12.1317 -20.7447652571 0.0
1.87e-06 0.882 -5.447e-06 -8.2499 -20.7350180916 0.0
9.745e-07 2.761 6.045e-07 7.5279 -20.7432656561 0.0
1.048e-05 12.0302 -3.718e-06 -1.7366 -20.7480729595 0.0
-3.402e-06 -12.7535 7.131e-06 12.8642 -20.750140876 0.0
-1.402e-06 -5.4331 7.341e-06 16.3873 -20.7329598157 0.0
-1.693e-06 -4.2937 9.57e-06 12.051 -20.7409220174 0.0
6.123e-06 9.2537 -1.914e-06 3.0975 -20.7471677037 0.0
4.204e-06 2.053 1.194e-05 25.8839 -20.7428125462 0.0
-5.635e-06 -6.7912 2.796e-06 10.6689 -20.7463974168 0.0
-3.594e-06 3.3894 4.873e-07 6.015 -20.7510620388 0.0
-1.089e-06 5.6792 -2.396e-05 -37.4056 -20.7563648709 0.0
3.824e-06 4.9209 -3.494e-06 -7.2079 -20.7501042416 0.0
1.587e-06 1.0577 8.649e-07 -4.8413 -20.7404698715 0.0
-4.231e-06 -5.8323 -3.908e-07 4.5542 -20.7425059739 0.0
3.798e-06 11.1845 3.372e-06 4.7393 -20.7430622387 0.0
-6.938e-07 -3.5606 7.591e-07 7.313 -20.7382949439 0.0
-4.937e-06 -9.3614 -3.002e-06 -11.521 -20.741629158 0.0
-1.665e-06 -6.2981 7.566e-06 7.3635 -20.7387977031 0.0
4.776e-06 12.9347 4.499e-07 -0.8117 -20.7373390748 0.0
-1.788e-06 -5.7567 -2.99e-06 -4.6616 -20.741916449 0.0
-2.855e-07 -2.1982 4.124e-06 10.35 -20.7513290844 0.0
-1.056e-06 3.7707 4.636e-06 1.245 -20.7467685813 0.0
-5.098e-06 -10.6407 9.85e-06 10.8634 -20.7525703164 0.0
2.882e-06 4.1098 -1.35e-06 -1.5025 -20.7416797714 0.0
-1.284e-06 -4.5237 1.997e-06 7.4776 -20.7404848145 0.0
-3.018e-06 -1.4471 -1.045e-06 -6.3698 -20.7446326983 0.0
1.288e-06 4.7348 -2.516e-06 -3.9792 -20.7432222732 0.0
-1.622e-06 3.64 -4.069e-06 -0.1751 -20.7473576242 0.0
-3.445e-08 11.0268 2.131e-06 15.116 -20.747005259 0.0
-2.226e-05 -25.5211 -2.445e-05 -32.2849 -20.7495479768 0.0
1.192e-05 10.7649 -2.86e-06 -16.3911 -20.7409788971 0.0
1.171e-06 1.4205 -4.069e-07 2.4664 -20.7416870019 0.0
4.552e-06 6.6433 -1.08e-05 -19.4234 -20.7367919687 0.0
3.634e-06 6.2254 -3.917e-06 -6.6234 -20.7461636314 0.0
-9.667e-08 3.4891 2.945e-06 5.8061 -20.7399791631 0.0
-8.273e-06 -11.4107 -1.434e-06 -0.2876 -20.7441087297 0.0
-8.069e-06 -15.3517 7.279e-06 8.5422 -20.7457317309 0.0
6.495e-06 18.7301 -5.411e-06 -9.9838 -20.7523938927 0.0
-2.749e-06 -6.3229 -1.282e-06 -6.6642 -20.7413678968 0.0
-2.362e-06 -5.3268 -7.279e-07 2.1395 -20.739826359 0.0
5.717e-06 5.2155 3.294e-06 0.2865 -20.7392618998 0.0
1.439e-06 9.4558 -1.507e-06 -9.3015 -20.7470905786 0.0
1.2e-06 2.6904 1.589e-06 2.0158 -20.753563784 0.0
3.905e-07 4.7605 1.995e-06 8.8686 -20.7374200562 0.0
1.439e-06 2.7517 4.509e-06 -0.5992 -20.7454169641 0.0
4.209e-06 11.2777 -6.905e-06 -14.1264 -20.7433471195 0.0
-2.061e-06 -6.5956 6.537e-06 7.0499 -20.7482064823 0.0
-8.832e-06 -12.9934 6.249e-06 16.0163 -20.742157947 0.0
1.444e-06 -0.3594 4.035e-06 7.0817 -20.751731581 0.0
7.56e-07 8.1255 -1.1e-06 -3.4891 -20.7482691464 0.0
-9.304e-07 -3.1658 -5.835e-06 -7.5512 -20.7479076225 0.0
-3.625e-06 -3.5785 3.581e-06 5.1234 -20.7429055783 0.0
5.762e-08 -0.7081 2.309e-06 3.9745 -20.742612985 0.0
-9.725e-06 -17.9948 3.283e-07 7.2662 -20.7485549913 0.0
-2.219e-07 -0.3638 1.356e-06 2.8059 -20.7409851635 0.0
8.162e-06 22.125 6.723e-06 12.0996 -20.7458893553 0.0
2.151e-06 4.1627 -4.312e-06 -15.386 -20.7455374721 0.0
-2.512e-06 1.0445 -4.841e-06 -9.426 -20.7499528836 0.0
1.768e-06 -4.2672 -1.3e-05 -19.6895 -20.7537185162 0.0
-5.594e-06 -5.0121 6.116e-07 -2.7386 -20.7463111331 0.0
1.07e-08 1.3768 -9.574e-06 -25.0709 -20.7436826136 0.0
1.898e-06 4.0956 5.109e-06 18.8305 -20.7442673182 0.0
-1.035e-06 -2.1168 1.238e-06 5.5373 -20.7514712838 0.0
-1.442e-07 -0.2235 -6.572e-07 -7.5698 -20.7423507597 0.0
-6.673e-06 -15.4918 3.127e-06 7.5409 -20.7400365249 0.0
7.152e-06 9.8419 -1.178e-06 -3.5743 -20.7481144142 0.0
3.95e-06 8.2044 -1.111e-05 -26.0943 -20.7389418306 0.0
1.532e-06 3.669 7.461e-06 11.5778 -20.744764293 0.0
-4.396e-07 -5.7031 8.731e-06 10.3487 -20.7464436919 0.0
1.682e-06 7.6916 3.851e-07 -0.083 -20.7433509757 0.0
9.736e-07 3.5761 9.991e-06 13.5875 -20.7440687211 0.0
-1.491e-06 -29.6623 -1.018e-06 -9.8846 -20.7489825535 0.0
-5.404e-07 2.0133 -1.535e-06 -5.2125 -20.7472192811 0.0
-9.125e-06 -6.322 1.322e-05 12.9026 -20.7515995043 0.0
9.479e-06 19.1599 2.83e-06 8.7444 -20.7466818156 0.0
7.194e-07 5.4169 5.181e-06 15.5249 -20.742704089 0.0
-6.304e-07 3.0424 -1.15e-06 -7.6697 -20.7455075861 0.0
4.544e-06 6.0708 1.153e-05 18.0297 -20.7483761575 0.0
7.293e-06 12.4918 2.755e-06 5.1606 -20.749898414 0.0
-1.852e-06 -7.4235 5.435e-06 6.0874 -20.7487815462 0.0
7.805e-06 15.6772 1.367e-05 35.3437 -20.7535136526 0.0
2.406e-06 1.2761 -4.533e-07 -1.7987 -20.7460556563 0.0
1.022e-05 6.4652 -9.858e-07 0.6614 -20.7551983539 0.0
1.984e-06 3.0496 -3.916e-06 -5.8793 -20.7387827601 0.0
5.035e-06 8.116 1.104e-06 6.4687 -20.7450621887 0.0
-8.54e-07 -5.7137 -3.039e-07 -3.5908 -20.7427363851 0.0
-3.154e-06 -20.6301 -6.511e-07 -5.9834 -20.7506065187 0.0
3.811e-06 6.2944 3.466e-06 4.0738 -20.7469069245 0.0
5.692e-06 8.7682 4.124e-06 3.3173 -20.7459120108 0.0
2.64e-06 3.2738 -7.15e-07 -2.4276 -20.7481134501 0.0
7.377e-06 11.1951 2.351e-07 0.6567 -20.7419935741 0.0
-1.717e-06 5.5793 -4.249e-06 -3.6992 -20.748520767 0.0
-8.022e-06 -12.1241 2.09e-06 4.6102 -20.7434362953 0.0
-4.218e-07 -3.5377 2.343e-06 4.7742 -20.7488721682 0.0
3.885e-06 2.5275 8.107e-06 11.0713 -20.7433789336 0.0
-1.842e-06 -7.434 -6.201e-06 -12.2618 -20.7429075064 0.0
4.114e-06 9.5839 -1.81e-06 -12.4365 -20.7485434225 0.0
2.147e-07 -2.879 -3.887e-06 -10.8126 -20.7442697284 0.0
-7.156e-06 -12.1104 3.175e-06 6.0544 -20.7437828762 0.0
1.348e-05 23.3665 -3.318e-06 -4.35 -20.7457572786 0.0
-7.556e-06 -20.6581 4.339e-06 14.7107 -20.7477167379 0.0
6.489e-06 12.3311 4.341e-06 6.3633 -20.7488114322 0.0
1.116e-06 0.9011 9.103e-06 2.6733 -20.7481592432 0.0
-4.715e-06 -8.4141 -6.669e-06 -7.9443 -20.7444114457 0.0
2.836e-06 12.8159 -9.367e-07 0.9393 -20.7440831821 0.0
-1.121e-06 1.5231 -2.275e-06 -7.0317 -20.7472872476 0.0
7.212e-06 16.5078 -2.597e-06 -4.3351 -20.7382689142 0.0
8.695e-06 14.6073 1.674e-06 -0.5548 -20.7491208966 0.0
1.538e-06 9.0332 9.425e-07 -0.5866 -20.7469527175 0.0
-1.804e-06 -2.002 -3.24e-06 -3.296 -20.7436512815 0.0
2.218e-06 1.7668 -7.277e-07 5.7445 -20.7451190684 0.0
7.07e-06 2.9763 9.146e-07 -2.0918 -20.7429682424 0.0
3.228e-06 3.1476 1.585e-05 26.6553 -20.7480025828 0.0
-1.682e-06 -11.0473 -2.862e-06 -1.0318 -20.7497673013 0.0
-1.207e-06 -1.6153 1.022e-06 3.9939 -20.7487304509 0.0
2.813e-06 -3.8212 5.714e-06 20.9375 -20.7455201189 0.0
-1.146e-06 -9.8188 9.017e-06 31.3904 -20.7426568499 0.0
-4.61e-06 -13.7776 2.263e-06 9.0661 -20.7350687049 0.0
2.66e-08 0.6433 -3.205e-06 -13.0764 -20.7475244072 0.0
-9.237e-07 0.0205 1.159e-07 -10.8462 -20.7452000498 0.0
-2.921e-06 -7.0493 -6.026e-06 -2.0515 -20.7433471195 0.0
-8.244e-07 4.527 1.717e-06 -3.2451 -20.7365437223 0.0
-4.167e-06 2.9822 4.463e-07 -1.2889 -20.7400336327 0.0
1.266e-06 -3.1467 7.548e-06 16.389 -20.7435727104 0.0
-5.733e-06 -10.5924 2.999e-06 -1.725 -20.7431191184 0.0
-1.354e-06 0.6609 -8.165e-06 -12.4192 -20.7477471059 0.0
1.257e-07 -2.2754 -4.752e-06 -7.1894 -20.74232473 0.0
3.7e-06 3.9371 2.243e-06 7.672 -20.7424939231 0.0
1.27e-05 17.326 5.104e-06 3.9136 -20.7435760846 0.0
9.204e-06 13.5529 5.17e-06 5.784 -20.7448655197 0.0
-6.044e-08 -2.1059 -3.197e-06 0.0705 -20.7428834048 0.0
3.818e-07 4.1514 1.826e-06 3.8024 -20.7470322528 0.0
9.653e-06 16.0491 -4.911e-06 -7.738 -20.7448741963 0.0
-2.529e-06 -6.7829 2.362e-06 1.4429 -20.742749882 0.0
1.919e-08 -2.7989 1.326e-06 6.3021 -20.7531116381 0.0
-2.919e-06 -1.9249 -5.342e-06 -10.181 -20.7506373688 0.0
-6.835e-06 -5.4469 3.582e-06 3.6085 -20.7426539577 0.0
7.224e-06 11.8899 1.027e-05 22.179 -20.7478733983 0.0
5.546e-06 9.9577 4.487e-06 14.7197 -20.7429957183 0.0
-6.516e-06 -9.1037 8.382e-06 5.5514 -20.7405402482 0.0
1.179e-06 -3.1593 -5.211e-06 -11.1022 -20.7395718462 0.0
8.609e-07 5.7701 2.554e-06 7.7675 -20.749882989 0.0
-5.72e-06 -5.5713 -1.155e-05 -19.1351 -20.7359836013 0.0
3.726e-06 2.7406 6.449e-06 16.7958 -20.7422008478 0.0
7.279e-06 8.9075 -8.889e-07 -3.6905 -20.742189279 0.0
6.835e-06 6.9324 1.829e-06 0.9259 -20.747960646 0.0
-2.235e-06 -4.5446 1.648e-06 2.2399 -20.74250742 0.0
-7.344e-07 0.7996 3.103e-06 -0.9854 -20.742658296 0.0
-6.602e-06 -12.9998 -4.896e-06 2.0165 -20.7471079317 0.0
-3.027e-05 -42.547 -3.943e-05 -31.9685 -20.7523162856 0.0
3.789e-06 7.2286 6.418e-08 -0.8376 -20.7489627902 0.0
3.155e-06 4.7557 9.961e-06 14.1249 -20.738477634 0.0
4.047e-06 10.745 -9.265e-06 -18.569 -20.7507896908 0.0
-7.912e-06 -10.1907 1.611e-06 0.7968 -20.744022446 0.0
-1.322e-06 -4.3453 7.707e-07 8.9813 -20.7423840199 0.0
-5.396e-06 -14.7964 6.349e-06 12.5531 -20.7489179612 0.0
-3.115e-06 -4.9478 -5.787e-06 -15.5098 -20.7462663042 0.0
-1.122e-06 -2.9068 -5.87e-07 -3.1367 -20.7445782287 0.0
4.833e-06 9.6455 -6.564e-07 6.1724 -20.7409668463 0.0
3.106e-05 35.889 1.945e-05 24.025 -20.7519822375 0.0
-2.62e-06 -12.6942 -3.936e-06 2.7494 -20.7428443603 0.0
-1.02e-06 2.7226 -1.166e-05 -11.9793 -20.7506012164 0.0
-9.104e-07 5.508 4.625e-06 5.0039 -20.7441366876 0.0
1.475e-06 -2.9011 -1.393e-06 -4.3904 -20.7480088492 0.0
-4.488e-06 -4.0517 5.774e-07 -0.7181 -20.7475721284 0.0
3.027e-06 -1.2585 1.549e-05 23.959 -20.7426669726 0.0
