-0.193264 4.254816 0.014819 0.300376 0.000000 0.000000
-0.541209 -8.992869 0.526798 -2.584712 0.000000 0.000000
0.695756 1.006715 -0.269225 -7.963548 0.000000 0.000000
0.573173 -0.788629 1.191820 -17.258124 0.000000 0.000000
-0.560812 -2.822444 -0.101674 2.619827 0.000000 0.000000
0.103165 -4.467096 0.628730 -4.015102 0.000000 0.000000
0.847583 0.322166 -0.716042 -5.631010 0.000000 0.000000
-0.158763 7.610061 -0.089598 0.306311 0.000000 0.000000
-0.238427 -7.557383 0.810392 -5.221325 0.000000 0.000000
-1.186182 2.331711 -1.033948 9.202461 0.000000 0.000000
0.290448 4.396908 0.888359 -8.578258 0.000000 0.000000
0.187815 -7.856935 0.351483 0.104255 0.000000 0.000000
-0.211954 4.635828 0.054584 0.297825 0.000000 0.000000
-0.713991 -2.526254 -0.214101 8.198517 0.000000 0.000000
0.066739 1.069327 0.452010 8.430178 0.000000 0.000000
0.343983 -12.007616 -0.286664 6.833405 0.000000 0.000000
0.291207 10.198025 -0.208074 -5.052226 0.000000 0.000000
-1.844245 -6.885121 -0.491399 10.977939 0.000000 0.000000
0.517191 -5.055694 -0.363741 -3.971113 0.000000 0.000000
0.072197 -6.714923 0.366655 10.297838 0.000000 0.000000
0.676708 6.723166 -1.002934 -2.263632 0.000000 0.000000
0.144063 9.634826 0.694494 -5.978239 0.000000 0.000000
-1.640286 12.787074 -0.845197 -18.802636 0.000000 0.000000
0.249267 6.274836 -0.469627 -9.100427 0.000000 0.000000
1.524100 -3.336865 0.209561 -0.603210 0.000000 0.000000
-0.383785 1.217906 -1.456818 5.170856 0.000000 0.000000
0.161876 0.499542 -1.101601 8.057935 0.000000 0.000000
0.303009 -0.706724 0.002920 6.758693 0.000000 0.000000
-0.697705 13.796747 0.427845 -12.726339 0.000000 0.000000
-0.137932 -17.812915 -0.286561 5.612751 0.000000 0.000000
0.033880 -6.534364 -0.334103 0.951730 0.000000 0.000000
-0.195640 1.487496 -1.002215 0.077072 0.000000 0.000000
-0.321608 5.366299 -0.567765 4.240421 0.000000 0.000000
-0.912416 0.989052 0.363388 7.308590 0.000000 0.000000
-0.811493 -4.388860 0.264997 -0.414456 0.000000 0.000000
-0.366120 -3.133074 0.081586 0.518273 0.000000 0.000000
-0.431943 -3.071802 0.358313 7.157564 0.000000 0.000000
0.486641 -4.354395 -1.237913 4.495112 0.000000 0.000000
-1.132267 -2.082986 0.367512 -4.883838 0.000000 0.000000
-0.167710 -10.891633 0.771295 -15.058669 0.000000 0.000000
0.653038 9.622669 -0.949886 -0.657383 0.000000 0.000000
0.263241 -9.428662 0.141615 -3.582959 0.000000 0.000000
-0.016086 2.963564 0.165884 5.025068 0.000000 0.000000
0.050500 -13.893436 -0.082054 1.243986 0.000000 0.000000
0.882482 -1.408709 -0.168407 -3.422463 0.000000 0.000000
0.876719 -5.237416 -0.303384 -0.312344 0.000000 0.000000
0.439614 -7.494733 0.542517 5.951061 0.000000 0.000000
0.753500 2.554538 1.190507 18.527170 0.000000 0.000000
-0.338027 14.095954 -0.026117 -1.062452 0.000000 0.000000
-0.499810 5.640879 0.640032 16.611334 0.000000 0.000000
0.293601 3.017111 0.263593 3.612371 0.000000 0.000000
-0.903392 -3.962901 0.217353 -4.746717 0.000000 0.000000
0.964435 1.123209 -0.645006 -5.720459 0.000000 0.000000
0.009686 -1.439886 -1.163694 -1.906738 0.000000 0.000000
0.106551 -0.879189 -0.484021 12.202361 0.000000 0.000000
0.401227 2.531127 0.238353 -5.789936 0.000000 0.000000
0.998538 2.427207 -0.631374 -2.372108 0.000000 0.000000
-1.014549 -10.305350 -0.602563 15.163661 0.000000 0.000000
0.724277 4.126237 0.729901 -0.284693 0.000000 0.000000
-0.940550 2.580326 -1.100444 0.230705 0.000000 0.000000
0.708235 3.185402 -0.089699 7.947493 0.000000 0.000000
-0.502343 -7.931700 -0.101531 -15.060339 0.000000 0.000000
-0.900194 2.903484 -0.366954 11.601076 0.000000 0.000000
0.663081 2.548608 0.280944 10.236636 0.000000 0.000000
0.409176 -8.643511 0.096065 10.833815 0.000000 0.000000
0.528928 -8.777610 0.049530 11.755629 0.000000 0.000000
-1.430847 -0.000296 -0.417731 7.172962 0.000000 0.000000
-0.574199 -0.116637 0.598487 -8.942009 0.000000 0.000000
-0.512253 4.725048 1.115871 0.777979 0.000000 0.000000
0.428683 1.756377 0.161760 -7.556393 0.000000 0.000000
-0.529115 2.225117 -0.657132 -1.731339 0.000000 0.000000
-0.285193 3.445347 -0.296941 4.939341 0.000000 0.000000
-0.796183 9.261612 -0.239985 1.886804 0.000000 0.000000
-0.388382 -3.554463 0.009098 -4.791538 0.000000 0.000000
0.090606 10.558858 0.060838 5.099844 0.000000 0.000000
0.577932 -6.648665 0.195616 9.370261 0.000000 0.000000
-0.653442 9.034100 -0.094622 -3.100082 0.000000 0.000000
-1.311060 -2.362109 0.439780 -4.633611 0.000000 0.000000
-0.598582 0.453426 0.856110 -0.511963 0.000000 0.000000
-0.161709 -4.525384 0.343028 -1.269040 0.000000 0.000000
-0.360973 -0.078182 -0.642305 -13.420049 0.000000 0.000000
1.152428 -3.942499 0.124036 -1.948076 0.000000 0.000000
0.819733 3.366409 -0.796393 4.229903 0.000000 0.000000
-1.829672 5.655822 -0.385826 -6.002110 0.000000 0.000000
-0.042149 -19.968109 1.247522 -8.641764 0.000000 0.000000
-0.021728 -7.933065 -1.217694 15.467937 0.000000 0.000000
-0.570709 -5.488180 0.073591 2.609715 0.000000 0.000000
0.393974 9.407129 0.498117 12.946707 0.000000 0.000000
0.441079 -4.527283 -1.503907 7.406870 0.000000 0.000000
-0.501456 -2.492007 0.517708 -4.003006 0.000000 0.000000
1.038723 -2.833206 -1.127087 -2.756730 0.000000 0.000000
-0.221526 -5.127186 0.187606 -9.887734 0.000000 0.000000
-0.539650 -0.460469 0.085365 -2.151317 0.000000 0.000000
0.814964 -17.671432 -0.196552 5.771513 0.000000 0.000000
-0.910325 8.044173 -0.578882 0.894967 0.000000 0.000000
0.222672 11.771868 -0.201568 -2.851086 0.000000 0.000000
-0.065174 1.977145 -0.746941 1.489021 0.000000 0.000000
-0.577560 3.427669 -0.045049 -2.523753 0.000000 0.000000
0.466769 10.111937 -0.537765 -10.404149 0.000000 0.000000
-0.968669 -8.552732 0.556962 8.514437 0.000000 0.000000
0.093123 -5.387264 0.077514 1.213766 0.000000 0.000000
-0.215970 3.498683 -0.116697 2.755513 0.000000 0.000000
0.359656 -3.802587 -0.016124 -9.799508 0.000000 0.000000
-0.137029 5.440120 -0.292821 -2.318759 0.000000 0.000000
-0.042424 7.498449 -0.609348 4.416354 0.000000 0.000000
-0.544178 5.602759 1.064604 -1.063612 0.000000 0.000000
-1.403453 -0.121967 -0.054725 11.056375 0.000000 0.000000
-0.119634 2.788629 -1.149012 10.636114 0.000000 0.000000
0.030598 9.124845 -1.016925 1.269373 0.000000 0.000000
0.383627 -0.266198 -1.022158 3.218835 0.000000 0.000000
-0.624740 -6.342960 0.023603 -2.210072 0.000000 0.000000
-0.491310 -4.326642 -0.198378 -5.721989 0.000000 0.000000
0.183197 -7.286031 -0.515433 4.594658 0.000000 0.000000
-0.118590 8.492503 -0.349783 0.900733 0.000000 0.000000
0.607050 -1.204831 0.618491 -2.589713 0.000000 0.000000
-0.318107 6.848734 0.019486 4.230908 0.000000 0.000000
-0.228950 -0.267315 -0.122811 6.887922 0.000000 0.000000
0.037401 -17.978736 0.950850 17.305494 0.000000 0.000000
0.748360 -4.518050 -0.390054 4.353522 0.000000 0.000000
-0.104346 -1.237566 -0.360353 8.738007 0.000000 0.000000
1.088221 4.588348 1.177538 3.478562 0.000000 0.000000
-0.664492 1.816793 0.590818 5.567603 0.000000 0.000000
0.709892 -2.095268 -0.191528 -3.475749 0.000000 0.000000
0.366565 0.424577 -0.379774 -0.174039 0.000000 0.000000
-0.399060 2.139868 0.956024 2.861571 0.000000 0.000000
-0.577918 2.995299 0.429404 -4.308563 0.000000 0.000000
0.246537 -5.167416 -0.135009 -7.138043 0.000000 0.000000
-0.330795 -11.697152 0.751257 -13.890943 0.000000 0.000000
-0.064798 -2.868990 1.342258 0.816271 0.000000 0.000000
0.236820 -5.771945 0.737903 -15.007721 0.000000 0.000000
-1.009001 2.707921 -0.296863 -2.279295 0.000000 0.000000
0.336282 -2.388366 -0.086786 -6.624178 0.000000 0.000000
-0.768673 -8.025635 -0.132496 3.282671 0.000000 0.000000
1.275571 4.068958 1.645020 -2.169526 0.000000 0.000000
0.791173 14.509445 -0.642707 8.068585 0.000000 0.000000
-0.254278 -8.917467 -0.634910 -0.345399 0.000000 0.000000
-0.155551 3.650755 0.895468 0.786187 0.000000 0.000000
0.833484 -5.952277 0.855410 -7.865217 0.000000 0.000000
0.760748 -0.993265 -0.632008 -2.078718 0.000000 0.000000
0.883889 -1.136588 0.384364 1.236037 0.000000 0.000000
0.288043 -1.201257 0.379884 0.448409 0.000000 0.000000
-0.408683 5.349373 0.804155 -1.895703 0.000000 0.000000
-0.563150 0.447140 -0.320227 0.507146 0.000000 0.000000
-0.150948 -4.423278 -0.414662 3.081304 0.000000 0.000000
0.236370 -4.160802 -0.684788 -0.311299 0.000000 0.000000
0.031535 -1.678233 0.581276 -8.574795 0.000000 0.000000
-0.342863 1.177913 -0.355093 0.413901 0.000000 0.000000
-1.093687 -9.955011 0.408461 -3.841271 0.000000 0.000000
0.789984 -6.033466 -0.035161 7.540010 0.000000 0.000000
1.549313 0.948517 -0.183550 3.760823 0.000000 0.000000
0.638962 -1.341570 0.498913 -2.918124 0.000000 0.000000
-0.814815 -4.547557 1.632232 -1.565793 0.000000 0.000000
0.297959 -11.060005 0.055553 9.826658 0.000000 0.000000
0.438292 -0.010950 0.406599 -8.638347 0.000000 0.000000
1.198249 -0.964279 -0.752710 8.113693 0.000000 0.000000
0.368018 -1.734925 -0.598401 3.227617 0.000000 0.000000
-0.992495 -5.191475 0.161677 -1.389504 0.000000 0.000000
-0.797854 -0.336294 -0.488403 -8.470275 0.000000 0.000000
1.250878 -6.027437 0.649405 -3.827686 0.000000 0.000000
-0.302386 -4.342598 -0.151567 -3.192909 0.000000 0.000000
-0.352565 0.712724 -0.438582 6.313021 0.000000 0.000000
-0.724208 1.785913 -0.125405 -3.214848 0.000000 0.000000
-0.377983 0.204044 1.015624 -3.790749 0.000000 0.000000
1.288589 0.057578 -0.475909 -0.292906 0.000000 0.000000
-0.995579 13.284234 0.647986 -4.655561 0.000000 0.000000
0.124025 0.121737 -0.762101 -5.190446 0.000000 0.000000
-0.198764 -3.607532 -0.310647 2.389892 0.000000 0.000000
0.632612 -24.475930 0.585304 -12.998928 0.000000 0.000000
0.383466 9.605881 -0.216610 2.037521 0.000000 0.000000
-1.426106 -8.059201 -0.061745 8.343049 0.000000 0.000000
0.193497 0.880270 -0.606988 2.118839 0.000000 0.000000
0.159096 -0.772647 -0.207227 -6.862938 0.000000 0.000000
0.163599 -3.416853 -0.870902 18.493882 0.000000 0.000000
-0.261284 -6.526704 0.852546 -8.481531 0.000000 0.000000
0.551206 -3.050382 1.124154 0.455273 0.000000 0.000000
0.429203 -5.582115 -0.771019 -9.624022 0.000000 0.000000
-0.682881 4.306405 0.797995 -0.754709 0.000000 0.000000
0.413409 3.620280 0.520136 -15.767472 0.000000 0.000000
0.254786 -6.251561 0.521019 5.070572 0.000000 0.000000
-0.067281 10.289287 -0.636285 3.612803 0.000000 0.000000
1.017115 2.226466 0.816401 -2.214074 0.000000 0.000000
-0.371843 4.290916 -1.066050 -0.204540 0.000000 0.000000
-1.142164 -3.165855 0.032104 -13.597890 0.000000 0.000000
1.200944 0.096480 -0.368136 -1.236989 0.000000 0.000000
-0.248070 0.060631 -0.182289 -6.400120 0.000000 0.000000
-0.327747 -9.220426 0.384911 -5.702317 0.000000 0.000000
-0.578001 3.063692 0.571939 -3.327720 0.000000 0.000000
0.072646 -1.241767 0.288346 -7.753017 0.000000 0.000000
0.751895 2.012010 -0.881281 4.626764 0.000000 0.000000
-1.088977 6.203017 0.680427 17.190026 0.000000 0.000000
-1.678227 0.134035 -0.952111 -12.627026 0.000000 0.000000
1.108128 7.161824 -0.220295 -1.324706 0.000000 0.000000
-0.424135 -5.597706 -0.469210 12.202493 0.000000 0.000000
0.142636 2.824681 0.079788 -5.553860 0.000000 0.000000
-0.923903 5.454910 -1.105959 9.625095 0.000000 0.000000
-0.636990 -6.463145 0.829205 -6.270549 0.000000 0.000000
-0.056677 10.941982 -0.094883 -9.845644 0.000000 0.000000
1.379385 -3.593611 0.408832 -5.651668 0.000000 0.000000
-0.887441 3.257249 0.436467 10.665971 0.000000 0.000000
0.056841 -2.881320 -0.297503 13.726069 0.000000 0.000000
-1.485483 6.721656 0.002908 -5.114810 0.000000 0.000000
-0.359391 3.242795 0.169643 0.400994 0.000000 0.000000
0.495599 4.471437 -1.034758 3.101292 0.000000 0.000000
0.979338 9.573728 0.154836 3.434135 0.000000 0.000000
0.158959 5.270924 0.748663 -22.357211 0.000000 0.000000
-0.034032 0.479524 0.042107 -8.444540 0.000000 0.000000
0.701301 14.993046 -0.337146 -4.300497 0.000000 0.000000
0.810890 4.251329 -0.269202 -5.312577 0.000000 0.000000
-0.334745 -5.182602 -0.421626 4.410968 0.000000 0.000000
0.156267 0.156331 0.837992 1.552507 0.000000 0.000000
0.453871 2.117709 0.685675 -11.132523 0.000000 0.000000
0.281244 9.569384 1.646922 -2.332807 0.000000 0.000000
0.639488 -0.758558 0.280758 7.957341 0.000000 0.000000
0.516676 1.310233 0.167653 -15.554687 0.000000 0.000000
-0.734100 -4.731252 -0.554749 -3.260855 0.000000 0.000000
-1.020184 15.526381 0.053732 -8.757178 0.000000 0.000000
0.042419 -6.249300 -0.507398 2.539795 0.000000 0.000000
-0.167995 -5.238399 0.172296 2.778337 0.000000 0.000000
0.401277 -6.082920 -0.016952 3.352285 0.000000 0.000000
0.579761 -3.843905 0.221201 5.895009 0.000000 0.000000
0.444544 2.001682 -0.992900 -0.997926 0.000000 0.000000
-0.394484 10.756203 0.023328 14.652077 0.000000 0.000000
0.593141 -0.666650 0.671992 5.840230 0.000000 0.000000
-0.129985 -3.154362 0.057210 5.168685 0.000000 0.000000
0.733683 -11.973151 -0.115878 -3.332625 0.000000 0.000000
0.480989 11.429628 1.376133 2.812078 0.000000 0.000000
0.226587 2.995543 0.372490 -4.089161 0.000000 0.000000
-0.064028 -0.038974 0.418495 -9.960955 0.000000 0.000000
0.408693 0.828750 -0.215011 -2.445994 0.000000 0.000000
0.663106 -10.140631 -0.020197 7.451809 0.000000 0.000000
-0.271468 -4.289357 -1.287328 -7.177180 0.000000 0.000000
0.503456 -0.389213 -0.657360 6.076709 0.000000 0.000000
-0.587410 6.950771 0.390090 2.988099 0.000000 0.000000
-0.615950 -14.541019 0.358349 4.026876 0.000000 0.000000
-1.470846 -9.814729 -0.372227 11.958799 0.000000 0.000000
-0.084979 5.976370 -0.938783 15.612840 0.000000 0.000000
0.653969 -2.805125 -0.552464 4.711359 0.000000 0.000000
-1.158469 -2.776710 0.025429 4.443767 0.000000 0.000000
0.489294 -3.539622 0.780530 -0.459585 0.000000 0.000000
0.689583 -1.496292 -0.405937 -11.192925 0.000000 0.000000
-0.325680 -8.314925 0.248758 -3.324654 0.000000 0.000000
-0.071165 5.211598 -0.040634 -0.129538 0.000000 0.000000
-0.083848 -3.166230 -0.574862 1.657125 0.000000 0.000000
-1.045682 -2.844294 -0.102123 2.860130 0.000000 0.000000
0.263719 -4.558974 -0.173057 -9.468294 0.000000 0.000000
0.398296 2.232115 -0.415003 -4.169064 0.000000 0.000000
-0.162405 -0.335211 0.542972 5.196696 0.000000 0.000000
-0.411732 10.685157 0.100071 4.908099 0.000000 0.000000
-1.417652 7.697227 -0.470843 1.889373 0.000000 0.000000
0.772446 -0.404537 0.489889 1.043380 0.000000 0.000000
-1.465297 4.753838 -0.619588 -7.662571 0.000000 0.000000
0.163564 3.175396 0.171248 1.777416 0.000000 0.000000
-0.077139 -8.488543 0.409301 -0.961081 0.000000 0.000000
-0.086946 1.621848 -0.084326 7.388947 0.000000 0.000000
-0.336110 -3.596921 0.605297 16.280114 0.000000 0.000000
-0.656515 -12.456871 0.630275 3.622295 0.000000 0.000000
-0.789071 -3.337094 -0.694749 10.070493 0.000000 0.000000
-0.950703 1.317869 -0.732076 1.971778 0.000000 0.000000
-0.202953 5.580463 0.164393 -0.431096 0.000000 0.000000
-0.657097 2.836792 -0.385920 3.512045 0.000000 0.000000
0.537653 1.624780 -0.060712 6.530531 0.000000 0.000000
0.276536 4.178191 -0.238478 3.233113 0.000000 0.000000
-0.459426 -3.310484 -0.594150 4.041186 0.000000 0.000000
-1.104362 -4.659763 -0.007164 -6.356509 0.000000 0.000000
0.580686 -5.408021 -0.616718 -5.790784 0.000000 0.000000
0.731130 -8.276890 -0.609468 -9.305903 0.000000 0.000000
0.757131 -7.078069 -0.191798 -6.700387 0.000000 0.000000
0.851847 -8.915724 0.350401 5.063344 0.000000 0.000000
-0.585382 7.803264 -0.606625 4.537937 0.000000 0.000000
0.391618 5.289383 -0.503677 -10.938676 0.000000 0.000000
0.050122 -2.081568 0.758131 3.535944 0.000000 0.000000
-0.043325 2.290579 -0.569892 11.548799 0.000000 0.000000
0.325963 3.035567 0.247670 -17.082998 0.000000 0.000000
1.036609 5.446048 -1.129885 -3.945051 0.000000 0.000000
-0.611808 5.702983 0.732259 6.381606 0.000000 0.000000
-0.001164 0.592206 0.619061 -7.776549 0.000000 0.000000
-0.118120 11.393679 -0.279640 -4.540232 0.000000 0.000000
1.007065 2.087354 -0.318128 -4.545696 0.000000 0.000000
0.110975 -0.613748 -0.545824 11.319034 0.000000 0.000000
-0.368490 2.054492 -0.353812 4.145901 0.000000 0.000000
-0.868590 -4.613618 0.220102 0.453952 0.000000 0.000000
-0.897198 1.730495 -1.066218 2.081234 0.000000 0.000000
0.133893 5.045715 -0.812748 -0.784342 0.000000 0.000000
-1.135079 -8.013253 0.472984 -4.441486 0.000000 0.000000
0.607953 -3.548420 0.540661 6.618899 0.000000 0.000000
0.796684 8.064234 0.375641 -20.538836 0.000000 0.000000
-0.242517 5.273641 1.055401 6.998089 0.000000 0.000000
0.551622 -4.291754 0.241132 -4.668488 0.000000 0.000000
-0.656373 -3.794193 -0.246354 -2.420219 0.000000 0.000000
1.447834 -7.130353 -0.698571 -6.086720 0.000000 0.000000
-1.313915 4.499256 -0.332140 1.371955 0.000000 0.000000
1.267305 15.764960 -1.139168 3.878435 0.000000 0.000000
0.817945 4.162757 1.495537 -3.512786 0.000000 0.000000
-0.079884 -10.008813 -0.702944 -0.213900 0.000000 0.000000
0.495348 -15.182923 -1.089807 5.545662 0.000000 0.000000
-0.457503 7.914448 -1.122348 -11.777580 0.000000 0.000000
0.585940 -1.786249 -0.528518 -9.102794 0.000000 0.000000
-0.012108 4.329246 -0.869671 1.174636 0.000000 0.000000
0.699066 3.716395 -0.150697 4.849109 0.000000 0.000000
-0.913391 -6.036762 -0.896094 9.480451 0.000000 0.000000
0.276270 3.170711 0.485113 -0.946046 0.000000 0.000000
0.453398 1.933000 -0.529356 -4.441453 0.000000 0.000000
0.797395 -7.845515 -0.022258 5.684609 0.000000 0.000000
-0.226335 -6.174226 0.796610 1.952391 0.000000 0.000000
0.859892 4.447001 -0.127875 3.564883 0.000000 0.000000
0.302918 3.857555 -0.686814 4.267174 0.000000 0.000000
0.016241 -5.863277 0.398657 15.243843 0.000000 0.000000
0.125675 -4.434561 -0.717177 13.636220 0.000000 0.000000
-0.530332 3.896898 -1.110298 18.396375 0.000000 0.000000
0.205457 1.926470 0.613570 2.580658 0.000000 0.000000
0.132776 12.637509 -0.297394 13.547277 0.000000 0.000000
0.828856 14.816726 -0.149665 -3.385706 0.000000 0.000000
0.398681 5.412756 0.044615 -2.647315 0.000000 0.000000
0.997610 -3.988839 0.717770 17.850419 0.000000 0.000000
0.187139 1.230923 -0.230269 8.984540 0.000000 0.000000
0.373764 -3.871320 0.837926 -6.836084 0.000000 0.000000
1.218859 13.421554 0.043533 2.341580 0.000000 0.000000
-0.633069 4.542232 0.037187 5.438017 0.000000 0.000000
0.827705 -8.808156 -0.395276 1.736148 0.000000 0.000000
0.440869 -8.370317 0.179822 -3.666636 0.000000 0.000000
-0.435814 10.734267 -0.187702 0.161124 0.000000 0.000000
-0.091048 10.123217 -0.400405 1.833185 0.000000 0.000000
-0.263224 8.642752 -0.297370 -4.697662 0.000000 0.000000
0.268696 8.218839 0.394989 -11.077485 0.000000 0.000000
-1.817758 -0.716958 0.767210 -5.034226 0.000000 0.000000
0.329695 -2.422151 0.378246 7.743676 0.000000 0.000000
-0.405593 -2.669197 0.264447 -10.037954 0.000000 0.000000
-0.487324 3.375391 0.395796 11.303412 0.000000 0.000000
1.045955 -4.254531 0.342185 12.026448 0.000000 0.000000
-0.466462 -1.799779 -0.217203 6.307695 0.000000 0.000000
0.600508 7.238894 0.292647 -3.055182 0.000000 0.000000
-0.018836 -8.248016 0.426835 2.137149 0.000000 0.000000
0.377693 -2.209002 -0.845603 8.869384 0.000000 0.000000
-0.520312 -1.631552 0.482724 -4.990848 0.000000 0.000000
0.646691 -9.044361 0.028325 0.221130 0.000000 0.000000
-0.661942 2.274303 -0.362717 3.860688 0.000000 0.000000
-0.221031 -4.179345 0.250451 4.637027 0.000000 0.000000
-0.605233 2.329977 -0.484957 9.420630 0.000000 0.000000
1.369820 12.619375 -0.012815 4.116434 0.000000 0.000000
0.345576 -5.236840 0.230705 0.435592 0.000000 0.000000
0.857669 -2.653861 0.561464 10.695976 0.000000 0.000000
-0.012992 -4.894679 0.733962 8.770397 0.000000 0.000000
-0.159313 -5.507624 -0.185191 -10.595847 0.000000 0.000000
0.649744 0.962128 0.437876 -0.316110 0.000000 0.000000
-0.237653 3.675542 0.059853 -6.726802 0.000000 0.000000
0.042311 9.078991 0.050665 1.764446 0.000000 0.000000
0.166401 7.616120 0.273080 -2.590380 0.000000 0.000000
0.003839 7.597560 0.465075 3.209423 0.000000 0.000000
-0.630830 4.064312 -0.242861 5.819806 0.000000 0.000000
0.313226 4.807473 0.168212 4.792521 0.000000 0.000000
0.017285 6.506345 -0.602218 4.539091 0.000000 0.000000
-0.454460 3.732281 0.567312 4.351037 0.000000 0.000000
0.701448 -3.400511 -0.905103 -8.976334 0.000000 0.000000
0.067960 10.452721 0.218894 -7.195989 0.000000 0.000000
0.177768 -8.084644 -1.455318 8.603315 0.000000 0.000000
0.503297 -1.552767 -0.100382 16.801895 0.000000 0.000000
-0.845539 -3.951070 0.286260 -10.941260 0.000000 0.000000
1.774867 2.314910 0.198469 -3.460867 0.000000 0.000000
-0.045559 1.128332 -0.983049 -1.360709 0.000000 0.000000
0.974640 -17.788788 -0.511940 2.966600 0.000000 0.000000
0.514084 -8.346875 0.498621 -0.891739 0.000000 0.000000
0.126252 -2.196094 1.776546 -8.608026 0.000000 0.000000
0.258378 -2.114986 -0.428933 4.626303 0.000000 0.000000
0.415264 -0.501909 1.270820 -3.066117 0.000000 0.000000
0.432074 3.167749 0.913076 8.218425 0.000000 0.000000
-0.281334 4.695450 -0.116946 -22.702468 0.000000 0.000000
-0.067702 6.402392 0.752675 -3.880241 0.000000 0.000000
1.325281 -2.541564 -1.112214 8.602029 0.000000 0.000000
0.164742 2.746962 0.339313 16.879900 0.000000 0.000000
-0.286776 7.507740 -0.360199 -6.942350 0.000000 0.000000
1.249906 11.453185 -0.318150 -0.914349 0.000000 0.000000
0.328957 4.004461 -0.301267 9.410288 0.000000 0.000000
-0.480389 14.751159 -0.387944 7.479386 0.000000 0.000000
-0.802799 0.501921 -0.836743 3.437975 0.000000 0.000000
0.616169 7.329455 -0.796908 8.780920 0.000000 0.000000
1.518931 6.472168 0.465341 -9.263482 0.000000 0.000000
-0.549698 -6.511922 0.493133 6.473395 0.000000 0.000000
-0.487447 -0.751412 -0.103029 3.734915 0.000000 0.000000
-0.581077 2.426809 -0.843856 4.439292 0.000000 0.000000
-0.153318 -11.913021 -1.011727 -2.510099 0.000000 0.000000
-0.080633 -0.872546 0.869780 -10.725974 0.000000 0.000000
-0.584528 -2.566405 0.519629 -1.370653 0.000000 0.000000
-1.596616 -0.002071 1.796269 4.780511 0.000000 0.000000
0.116602 9.291443 0.221939 -9.547498 0.000000 0.000000
-0.523353 -6.094120 -0.433097 1.710350 0.000000 0.000000
0.265140 -8.355587 -1.160237 -4.570082 0.000000 0.000000
-0.204745 -5.931305 -0.510612 -2.597823 0.000000 0.000000
-0.511331 -3.268784 -0.343158 1.471090 0.000000 0.000000
-1.498397 -3.877328 1.039913 6.604613 0.000000 0.000000
-0.657191 -2.892622 -0.930478 -1.827390 0.000000 0.000000
-0.183113 11.238792 0.963735 -13.199154 0.000000 0.000000
0.398071 1.876421 1.059829 -0.505504 0.000000 0.000000
-0.127705 -7.567364 -0.559299 5.044274 0.000000 0.000000
-0.870308 -12.673685 -0.593829 3.553314 0.000000 0.000000
-0.100205 7.865083 0.230332 -3.564000 0.000000 0.000000
1.104630 8.550899 -0.098310 1.606303 0.000000 0.000000
-0.017981 0.066008 0.022293 18.723977 0.000000 0.000000
-1.134609 4.120992 -0.270884 11.643812 0.000000 0.000000
0.851352 -3.597487 0.591421 7.509413 0.000000 0.000000
0.368815 2.739805 0.148017 -3.868130 0.000000 0.000000
-0.125810 -6.788804 -0.573103 13.308807 0.000000 0.000000
0.206728 5.988990 -1.083825 -10.179233 0.000000 0.000000
-0.495726 2.510201 -0.111606 -0.381066 0.000000 0.000000
-0.561191 1.332929 0.144964 0.746508 0.000000 0.000000
0.173826 -19.056595 -0.709415 0.614690 0.000000 0.000000
1.027280 -10.047575 0.557053 -1.083411 0.000000 0.000000
-0.246151 2.124609 0.158712 -7.422490 0.000000 0.000000
1.626495 -1.993764 0.317424 6.819410 0.000000 0.000000
-0.072916 1.384129 0.109336 -1.443147 0.000000 0.000000
0.483255 0.759606 0.524839 1.966699 0.000000 0.000000
0.731509 -0.159379 -0.415016 9.945087 0.000000 0.000000
-0.625745 8.869049 0.472766 1.162806 0.000000 0.000000
-0.409944 -14.336049 -0.332343 3.336639 0.000000 0.000000
-1.121292 12.441897 -0.741585 -3.888006 0.000000 0.000000
0.354723 0.163167 0.839028 6.529018 0.000000 0.000000
-0.110066 -0.768087 -0.847743 -12.069313 0.000000 0.000000
0.208684 8.298246 -0.580535 3.899729 0.000000 0.000000
-0.110389 -2.006653 0.058716 -0.970194 0.000000 0.000000
0.717064 10.912153 0.197043 4.704724 0.000000 0.000000
0.933103 -7.326726 0.482965 3.078421 0.000000 0.000000
0.550053 -7.518916 0.329596 -9.617241 0.000000 0.000000
-0.046745 -6.525365 -0.357336 -2.571370 0.000000 0.000000
-0.220762 11.601711 -0.474553 -1.969792 0.000000 0.000000
0.538492 5.491850 -0.539381 9.181190 0.000000 0.000000
1.724364 12.494296 0.271910 9.899743 0.000000 0.000000
-0.962806 0.237428 0.459201 -8.212686 0.000000 0.000000
0.227438 7.648398 -0.369106 4.368370 0.000000 0.000000
0.065961 -1.616337 0.592478 5.789766 0.000000 0.000000
-0.252144 -6.907392 -1.109222 1.849392 0.000000 0.000000
0.404803 6.747914 -1.019264 -3.604753 0.000000 0.000000
0.256795 1.166416 -0.068151 10.117862 0.000000 0.000000
0.484059 1.408308 0.240173 -5.435045 0.000000 0.000000
-0.273101 -6.610207 0.314327 12.211592 0.000000 0.000000
0.821148 2.868649 -0.623859 -7.853984 0.000000 0.000000
0.142904 -0.938338 -1.210562 -10.144074 0.000000 0.000000
0.059749 -7.361525 0.509522 -9.421496 0.000000 0.000000
0.305075 0.072510 0.322974 -4.205546 0.000000 0.000000
-0.646953 -8.365328 -0.203383 2.888558 0.000000 0.000000
-0.378059 6.457082 0.639034 16.269840 0.000000 0.000000
-0.885450 0.751144 -0.823271 4.676453 0.000000 0.000000
-0.369685 10.635275 0.750896 12.814081 0.000000 0.000000
0.057515 -10.607713 -0.391119 6.942011 0.000000 0.000000
-2.131846 7.353774 -0.987791 -0.567908 0.000000 0.000000
-1.031978 -2.668378 0.250416 1.790011 0.000000 0.000000
-0.177897 2.996629 0.692489 3.179480 0.000000 0.000000
0.369580 -1.373171 0.407710 4.736951 0.000000 0.000000
-0.790232 4.464892 -0.312657 -6.911801 0.000000 0.000000
-0.265498 -1.459345 0.505703 -3.877347 0.000000 0.000000
-0.724263 5.810628 0.637593 8.148159 0.000000 0.000000
-0.430679 -12.626961 -0.369582 2.504348 0.000000 0.000000
-2.053514 -9.221365 0.127875 10.190743 0.000000 0.000000
-0.225052 0.305469 0.529849 -3.526866 0.000000 0.000000
0.218510 -0.945538 -0.565202 -3.659725 0.000000 0.000000
-0.377705 5.618689 0.115778 3.836367 0.000000 0.000000
-0.301784 -13.229239 0.508292 2.694357 0.000000 0.000000
-1.334699 5.111662 -0.364578 4.263580 0.000000 0.000000
0.053931 6.629661 -0.802378 -1.320267 0.000000 0.000000
0.087125 1.962936 0.226534 9.904365 0.000000 0.000000
-0.529955 12.097985 -0.673898 1.777362 0.000000 0.000000
-0.622805 2.457373 0.139526 16.217316 0.000000 0.000000
0.813127 -4.618782 -0.088755 9.452526 0.000000 0.000000
1.054288 0.238801 -0.685989 1.765854 0.000000 0.000000
0.210836 -9.617654 -0.031689 -2.570891 0.000000 0.000000
-0.760210 2.888381 -0.835409 -5.118600 0.000000 0.000000
0.534856 9.855693 -0.607515 -8.423221 0.000000 0.000000
-0.228192 -5.700055 1.056835 -9.988439 0.000000 0.000000
-0.329939 -1.593341 0.664483 -0.027979 0.000000 0.000000
0.320781 9.420832 -0.515786 1.880576 0.000000 0.000000
-1.151059 -3.409018 -0.675677 3.631404 0.000000 0.000000
-0.426289 7.353863 -1.013135 -6.475073 0.000000 0.000000
-0.360593 0.403248 -0.021311 3.747506 0.000000 0.000000
-0.953668 6.699787 -0.095129 -21.615794 0.000000 0.000000
0.107275 2.434369 0.455326 -1.116117 0.000000 0.000000
0.976578 20.461377 -0.446835 -1.350234 0.000000 0.000000
0.809595 9.603918 -1.457553 3.043362 0.000000 0.000000
0.882898 7.820157 0.739769 5.446074 0.000000 0.000000
-0.832163 -2.580358 -0.668130 -0.772167 0.000000 0.000000
-0.784040 1.400910 0.210573 -4.625397 0.000000 0.000000
0.181015 -0.229595 -0.614585 2.404683 0.000000 0.000000
-0.614930 4.836140 -0.490755 -0.629954 0.000000 0.000000
0.405731 6.931984 0.201388 0.735748 0.000000 0.000000
0.305003 -4.923995 0.156723 8.044799 0.000000 0.000000
0.986665 3.531295 0.058541 -4.366177 0.000000 0.000000
0.626766 2.082693 0.724021 2.149627 0.000000 0.000000
-0.896531 -5.474767 -0.265169 -10.743919 0.000000 0.000000
0.039044 -8.569345 -0.175041 -0.163786 0.000000 0.000000
0.351710 -0.522697 -0.451742 1.011769 0.000000 0.000000
-0.144872 -9.471794 -0.006634 -2.598766 0.000000 0.000000
-0.410238 6.523908 -0.086385 -0.388236 0.000000 0.000000
0.613285 -5.951278 -0.474153 -9.525113 0.000000 0.000000
0.822934 -3.757250 0.228438 -3.517274 0.000000 0.000000
0.023471 -0.124858 -0.003662 -12.046268 0.000000 0.000000
-0.078603 8.543253 0.587011 -5.095985 0.000000 0.000000
-0.642188 -8.535825 -0.827290 -11.726711 0.000000 0.000000
-0.170121 12.806031 -1.475641 -3.738150 0.000000 0.000000
-0.678345 5.149376 -0.620005 0.416672 0.000000 0.000000
0.084734 -6.605394 1.781421 2.511696 0.000000 0.000000
0.321425 -0.765279 1.099706 4.287585 0.000000 0.000000
0.855926 -0.541384 -0.676370 2.695871 0.000000 0.000000
-0.151747 5.892661 0.663977 -12.188355 0.000000 0.000000
0.918261 5.912752 0.814645 2.402467 0.000000 0.000000
-0.766844 3.517360 -0.396000 3.774843 0.000000 0.000000
0.143557 5.689735 -0.191009 -3.033727 0.000000 0.000000
-0.041622 4.493392 0.646897 5.145859 0.000000 0.000000
0.384252 3.587594 -0.604682 -20.763121 0.000000 0.000000
0.000145 -2.711924 -0.309976 -1.774039 0.000000 0.000000
-0.403719 -3.922174 0.080163 -3.597778 0.000000 0.000000
-0.243680 10.267105 -0.487821 -0.805132 0.000000 0.000000
0.479664 -6.499480 -0.405749 2.996923 0.000000 0.000000
0.716640 8.961283 0.200146 -8.359936 0.000000 0.000000
-0.833326 -9.832577 -0.248229 2.740028 0.000000 0.000000
-0.450919 -3.803190 0.191603 -9.906467 0.000000 0.000000
-0.073413 -8.462481 0.315445 18.083652 0.000000 0.000000
-0.993879 5.344765 0.815041 5.604824 0.000000 0.000000
0.364191 -14.668918 0.642094 13.188773 0.000000 0.000000
-2.200201 -6.552608 -0.525932 -1.567693 0.000000 0.000000
-0.215160 -0.195694 0.422558 -1.581749 0.000000 0.000000
-0.070745 5.808696 0.483124 -3.870585 0.000000 0.000000
1.570607 2.804220 0.602053 -5.170467 0.000000 0.000000
-0.766028 3.794036 -0.545493 -10.032384 0.000000 0.000000
0.478629 -11.912169 0.986291 1.511703 0.000000 0.000000
-0.053651 10.112799 0.120650 5.792828 0.000000 0.000000
-0.216551 -4.443020 0.036697 -3.093756 0.000000 0.000000
-0.483023 2.366879 0.517248 11.900495 0.000000 0.000000
-0.089238 13.210944 0.444242 4.910106 0.000000 0.000000
-1.049833 9.615901 0.172268 1.046152 0.000000 0.000000
-0.926228 4.465568 0.551427 -4.606331 0.000000 0.000000
0.287631 -2.344163 -1.554543 11.089921 0.000000 0.000000
1.451483 -4.090257 -1.092613 0.967475 0.000000 0.000000
-0.246102 9.570238 -0.105946 -3.496510 0.000000 0.000000
0.920180 6.657067 -0.247328 -4.512322 0.000000 0.000000
0.334241 2.352463 0.501774 -5.758058 0.000000 0.000000
-0.917504 -4.189434 -0.333146 11.693367 0.000000 0.000000
-0.770836 1.378963 0.335857 2.117029 0.000000 0.000000
-0.985775 -6.704260 -0.638400 -4.736174 0.000000 0.000000
0.139918 -10.226269 0.146990 -0.531927 0.000000 0.000000
0.453199 -12.252992 -1.012079 8.907360 0.000000 0.000000
0.295865 -0.692831 -0.068015 -16.856556 0.000000 0.000000
-1.481180 -10.809402 1.031069 13.172725 0.000000 0.000000
0.037692 12.417875 -0.057625 11.266657 0.000000 0.000000
-0.418417 4.745060 0.412585 7.403294 0.000000 0.000000
-1.120059 -0.858729 0.762851 -11.024493 0.000000 0.000000
-0.057405 -15.203202 0.152598 10.331834 0.000000 0.000000
-0.795297 -3.377255 -0.778225 -7.542970 0.000000 0.000000
0.038176 -0.460490 0.512502 -7.250811 0.000000 0.000000
1.293412 -7.497890 -1.782402 -2.665239 0.000000 0.000000
0.821970 -0.524869 -0.267299 -2.452947 0.000000 0.000000
-0.148871 -2.621504 -0.169995 -11.220153 0.000000 0.000000
0.033778 4.025687 -0.407434 -10.916192 0.000000 0.000000
0.192828 -3.980318 -0.206464 -12.933916 0.000000 0.000000
-0.620644 -4.366775 -0.181496 9.349979 0.000000 0.000000
-0.365079 -6.429986 0.399409 6.815597 0.000000 0.000000
-0.382162 -10.763142 0.229894 1.579937 0.000000 0.000000
0.337255 -5.619300 0.363833 -3.522052 0.000000 0.000000
-0.585878 5.478123 -0.736370 2.971034 0.000000 0.000000
0.482337 -3.717013 -0.734878 -2.703298 0.000000 0.000000
0.800694 7.684305 -0.226135 -2.865013 0.000000 0.000000
0.117662 -5.708333 -0.340169 -9.426585 0.000000 0.000000
-0.076849 -0.072273 -0.420797 19.546590 0.000000 0.000000
0.437722 2.575587 -0.050382 1.828226 0.000000 0.000000
0.196661 1.600748 0.149155 8.275903 0.000000 0.000000
-1.692397 1.730216 -0.838169 -1.670521 0.000000 0.000000
-1.356588 3.930047 0.482642 -2.622959 0.000000 0.000000
-0.173936 8.371518 -0.755705 8.456540 0.000000 0.000000
0.536542 12.903466 -0.112774 5.974165 0.000000 0.000000
0.091114 0.050450 -0.427887 0.100291 0.000000 0.000000
1.167543 5.913661 -0.076177 8.765793 0.000000 0.000000
0.609978 3.986985 0.377723 -3.143021 0.000000 0.000000
-0.259880 6.299521 -1.112607 -13.081371 0.000000 0.000000
0.850703 6.169825 0.045800 2.864229 0.000000 0.000000
-0.272709 -6.096412 1.192277 -1.962854 0.000000 0.000000
-0.642324 19.094136 0.056724 -3.420349 0.000000 0.000000
0.398290 13.447282 -0.064817 0.959592 0.000000 0.000000
-0.132013 7.874793 -0.295676 3.578201 0.000000 0.000000
0.441454 -0.543099 0.290310 9.731904 0.000000 0.000000
0.445345 0.098644 -0.544931 -0.610851 0.000000 0.000000
0.880640 10.361323 0.735955 -15.382571 0.000000 0.000000
1.485049 -1.506005 -0.943398 -3.282465 0.000000 0.000000
0.577607 4.990302 0.190270 8.548772 0.000000 0.000000
-0.074980 -10.075182 -0.314764 12.854205 0.000000 0.000000
-0.083707 -4.923871 0.092930 -12.429902 0.000000 0.000000
-0.242919 -8.892426 -1.731367 4.617624 0.000000 0.000000
-0.130467 -6.352451 0.168718 2.417824 0.000000 0.000000
-0.502661 -1.076914 -0.183640 0.267685 0.000000 0.000000
-0.438298 4.186008 0.687257 -0.165175 0.000000 0.000000
-1.071084 -6.544702 1.276622 -5.259445 0.000000 0.000000
-0.336695 -9.847073 -0.735742 3.838989 0.000000 0.000000
1.016316 1.675018 -0.339271 1.676469 0.000000 0.000000
-0.995489 0.138410 0.497741 12.142368 0.000000 0.000000
-0.043930 8.759065 0.242723 -3.329893 0.000000 0.000000
0.039264 -0.217861 -0.563253 -3.555407 0.000000 0.000000
0.106739 3.961088 1.192764 -1.034283 0.000000 0.000000
0.502708 15.145197 0.863936 19.483744 0.000000 0.000000
-0.116370 2.417432 0.589887 18.195008 0.000000 0.000000
-1.186061 2.316850 0.839146 -2.287996 0.000000 0.000000
-0.664208 4.092948 0.173361 0.853367 0.000000 0.000000
-0.032053 -2.403687 0.954010 2.581091 0.000000 0.000000
0.012883 1.475087 0.096698 4.436670 0.000000 0.000000
-0.887194 -1.825629 -0.515042 0.342506 0.000000 0.000000
1.182737 -4.585925 0.941240 -0.070435 0.000000 0.000000
-0.582048 -8.722988 0.620173 -1.613881 0.000000 0.000000
0.375093 -12.302991 -0.060371 0.175584 0.000000 0.000000
0.117464 4.002178 -0.032469 1.211758 0.000000 0.000000
0.392911 -2.141718 0.401783 -4.907005 0.000000 0.000000
-0.121181 -5.828383 -0.369253 6.817053 0.000000 0.000000
-0.506877 5.428297 0.773999 -15.075835 0.000000 0.000000
-1.604248 -4.431854 0.054954 -10.057489 0.000000 0.000000
0.468673 2.671912 0.925658 4.583891 0.000000 0.000000
-0.750735 -1.978061 -0.290234 3.870049 0.000000 0.000000
-0.579341 5.010365 -0.322293 2.154776 0.000000 0.000000
-0.709093 11.305361 0.094217 3.183990 0.000000 0.000000
0.823316 -9.312650 -0.354974 15.946616 0.000000 0.000000
-0.299614 17.539592 0.694612 -8.646387 0.000000 0.000000
-0.511308 5.612976 -0.615514 -7.650370 0.000000 0.000000
-0.431741 -6.756268 0.525355 -4.794038 0.000000 0.000000
1.571785 -9.975785 -0.593184 12.764752 0.000000 0.000000
-0.225656 -3.119638 0.038856 1.350136 0.000000 0.000000
0.448506 -6.734525 -1.334548 -0.835807 0.000000 0.000000
-1.039591 3.941073 1.049210 9.296724 0.000000 0.000000
1.850504 -0.113637 0.227903 -2.822013 0.000000 0.000000
-0.852408 14.350037 0.758228 -2.771056 0.000000 0.000000
-0.529182 12.240616 -1.093990 12.679697 0.000000 0.000000
-0.271441 -19.656996 0.335739 2.529538 0.000000 0.000000
0.525903 1.261298 -0.891418 12.168028 0.000000 0.000000
-0.401439 2.640653 0.251602 3.127783 0.000000 0.000000
-1.136605 -8.870367 -1.148611 -7.321791 0.000000 0.000000
-0.293915 8.608613 -0.175137 0.710424 0.000000 0.000000
-0.152393 -7.333350 -0.334503 -9.139112 0.000000 0.000000
-0.658428 -5.912785 0.563385 4.664878 0.000000 0.000000
-0.332850 5.305690 0.440618 3.135658 0.000000 0.000000
-0.706851 2.166652 -0.424042 1.506075 0.000000 0.000000
-0.148385 6.793992 0.043816 0.818539 0.000000 0.000000
-0.685093 1.575175 -0.178606 -2.508329 0.000000 0.000000
0.609077 4.884251 -1.001088 -7.634352 0.000000 0.000000
0.973648 3.020055 -0.447926 -2.395230 0.000000 0.000000
-0.376898 1.573308 -0.044466 3.824743 0.000000 0.000000
0.180546 -3.744899 -0.464958 1.903208 0.000000 0.000000
0.460621 -9.959599 -0.088414 15.160383 0.000000 0.000000
-0.091927 -6.560123 0.064627 -1.207248 0.000000 0.000000
-0.861686 -2.203367 0.129205 6.079716 0.000000 0.000000
-1.086180 -13.751801 -0.013378 -6.617714 0.000000 0.000000
0.027218 -2.816017 -0.466798 7.249547 0.000000 0.000000
0.205741 -1.737493 0.910046 -8.740348 0.000000 0.000000
-0.577025 9.826992 -0.011190 1.913403 0.000000 0.000000
-0.322499 -17.919977 0.828553 8.086275 0.000000 0.000000
-0.404133 -7.969081 -0.173133 11.465050 0.000000 0.000000
0.324983 2.238875 0.142037 2.493084 0.000000 0.000000
0.333200 -8.288064 0.390597 16.065220 0.000000 0.000000
0.576468 -2.992106 1.109203 -2.546854 0.000000 0.000000
1.032318 5.458804 -0.646645 -4.171383 0.000000 0.000000
-0.771489 1.636547 0.196882 -2.340550 0.000000 0.000000
0.359579 -8.046543 0.183020 -4.105050 0.000000 0.000000
-0.589384 -9.479590 0.285497 -3.081025 0.000000 0.000000
-0.372221 -2.554091 -0.699401 -6.776947 0.000000 0.000000
0.331952 11.946305 1.566700 -2.358861 0.000000 0.000000
1.059695 1.378647 0.106448 4.755395 0.000000 0.000000
0.375597 -0.838535 -0.111051 -8.533215 0.000000 0.000000
-0.444682 -3.374422 -0.334369 0.512705 0.000000 0.000000
-0.786714 2.224384 -0.450916 -11.637375 0.000000 0.000000
0.426683 -7.593712 0.656707 2.925452 0.000000 0.000000
0.268693 10.814492 -0.658148 9.786355 0.000000 0.000000
-0.753595 -3.822750 0.560564 -16.222732 0.000000 0.000000
-0.135213 -2.290845 0.647988 -2.710346 0.000000 0.000000
0.658349 2.065841 -0.388058 -10.023828 0.000000 0.000000
-0.281490 -0.355804 -0.013652 -13.612649 0.000000 0.000000
-0.867155 -2.005618 0.523353 -17.850741 0.000000 0.000000
0.027049 0.867330 -0.707009 -8.678655 0.000000 0.000000
0.065001 10.544563 0.059948 7.360992 0.000000 0.000000
1.339395 5.351436 -0.643582 3.820374 0.000000 0.000000
-0.474796 15.310557 0.355297 -5.218698 0.000000 0.000000
0.777543 4.209844 0.285753 2.686310 0.000000 0.000000
-0.370097 7.414265 0.485315 -8.370746 0.000000 0.000000
-0.376148 4.993124 0.387924 -2.431075 0.000000 0.000000
-0.544642 4.767654 0.247498 7.909383 0.000000 0.000000
-1.181671 -4.015228 0.412349 9.907159 0.000000 0.000000
-1.003883 -0.399492 1.132070 -3.513376 0.000000 0.000000
-0.166230 0.520190 -0.424277 12.605850 0.000000 0.000000
1.035640 -4.833496 -0.320682 3.862917 0.000000 0.000000
0.606753 6.064508 -0.647045 -5.102807 0.000000 0.000000
0.112637 -2.489725 -0.207861 3.229944 0.000000 0.000000
-0.403953 4.906573 0.073597 -9.503396 0.000000 0.000000
-0.074264 -6.223855 -0.107905 -12.241155 0.000000 0.000000
0.315671 3.384111 0.763175 4.998386 0.000000 0.000000
-0.371776 6.428964 0.544246 -9.758522 0.000000 0.000000
-0.394043 9.267166 -0.894256 -6.047716 0.000000 0.000000
-0.777197 -11.640028 -0.356066 2.566471 0.000000 0.000000
0.281349 8.787469 0.619537 -5.881593 0.000000 0.000000
0.688020 4.190220 0.567158 -3.301983 0.000000 0.000000
-0.027611 -0.047124 0.793301 -9.681870 0.000000 0.000000
-0.534857 5.236844 0.672003 14.332321 0.000000 0.000000
-0.284170 -4.024802 0.886022 4.453453 0.000000 0.000000
0.536411 -7.128646 0.054799 -9.413671 0.000000 0.000000
0.795718 0.757645 -0.513010 -2.324047 0.000000 0.000000
-0.694093 14.855150 0.347914 3.949011 0.000000 0.000000
0.685924 0.418740 0.120469 -11.650612 0.000000 0.000000
-0.338165 -6.186396 -0.614823 1.591471 0.000000 0.000000
0.171326 -9.339025 -0.571614 -2.591903 0.000000 0.000000
-0.954886 8.941006 -0.164933 -5.417874 0.000000 0.000000
-0.099679 -4.592378 0.499318 3.434455 0.000000 0.000000
0.967853 10.407159 -0.038934 -9.724861 0.000000 0.000000
0.333127 -5.418582 -0.265370 2.354383 0.000000 0.000000
1.118227 -2.642872 1.870950 8.164043 0.000000 0.000000
-0.770692 3.093112 0.152553 -8.257616 0.000000 0.000000
0.437716 -0.295269 0.056393 5.713896 0.000000 0.000000
0.063028 -2.113417 0.674200 1.360227 0.000000 0.000000
1.020501 4.071355 -0.452640 -1.133560 0.000000 0.000000
0.612431 -9.236115 0.762308 1.569255 0.000000 0.000000
-1.235081 -2.228831 -0.984997 -5.160889 0.000000 0.000000
0.922656 -4.681214 -0.515894 -0.623812 0.000000 0.000000
-0.161277 2.855823 0.779542 3.481285 0.000000 0.000000
1.249764 -0.497060 -0.354298 -7.706883 0.000000 0.000000
0.266869 -6.908598 -0.974861 -2.606425 0.000000 0.000000
-0.252871 7.316379 0.707335 -1.440973 0.000000 0.000000
-0.231735 -10.250605 -0.315218 -10.675129 0.000000 0.000000
0.855842 -5.549050 0.992843 -7.584975 0.000000 0.000000
0.163655 -7.693221 1.164489 14.129007 0.000000 0.000000
-0.811707 5.283687 0.040801 10.976483 0.000000 0.000000
-1.367790 4.208312 1.005199 8.334243 0.000000 0.000000
0.104815 -3.759023 -0.040802 -8.864622 0.000000 0.000000
-0.071672 -3.011450 -0.240020 5.390042 0.000000 0.000000
0.358545 -6.613909 -0.421577 -13.396484 0.000000 0.000000
0.375287 -0.274763 0.232729 -3.095410 0.000000 0.000000
-0.589855 -0.845270 -0.395378 3.882628 0.000000 0.000000
-0.304826 -4.408994 0.513943 5.803293 0.000000 0.000000
-0.884804 -4.951011 -0.746839 -4.188486 0.000000 0.000000
-0.395955 -1.726459 1.699313 -0.907845 0.000000 0.000000
-0.577098 -2.123039 -1.180155 4.218731 0.000000 0.000000
0.418583 3.272608 0.952338 2.246943 0.000000 0.000000
0.302052 12.372097 1.143586 -1.234542 0.000000 0.000000
-0.696137 4.769301 -0.773848 -9.767799 0.000000 0.000000
-0.618964 2.125188 -0.216122 -3.630944 0.000000 0.000000
0.742178 8.642396 -0.333957 9.670448 0.000000 0.000000
0.327818 -0.013175 0.304287 4.928921 0.000000 0.000000
-0.481556 9.740643 0.148134 11.933798 0.000000 0.000000
-0.483303 -4.003840 -0.159208 0.385771 0.000000 0.000000
1.190864 10.443010 0.091000 8.224660 0.000000 0.000000
0.118972 -7.841687 -0.066074 -10.777786 0.000000 0.000000
0.032525 -4.228360 -1.647811 -14.384325 0.000000 0.000000
0.761629 -6.672397 -0.464462 2.641721 0.000000 0.000000
-0.971458 -8.158413 0.622239 8.976362 0.000000 0.000000
-0.654993 -0.677386 -0.851071 -5.269747 0.000000 0.000000
1.112976 10.673030 -0.116562 -13.608446 0.000000 0.000000
0.511878 -1.681330 0.744171 -4.313623 0.000000 0.000000
-0.174621 23.886350 0.953609 7.917863 0.000000 0.000000
-0.220913 -0.739962 -0.264391 -2.437815 0.000000 0.000000
-0.139876 -4.581096 -0.084487 1.803258 0.000000 0.000000
-0.057668 -7.399928 -0.470878 -0.477115 0.000000 0.000000
-0.544422 2.703067 -0.901772 1.425903 0.000000 0.000000
-0.538075 -12.663549 0.702412 9.259332 0.000000 0.000000
-0.021066 -1.944139 0.299939 6.522710 0.000000 0.000000
1.228677 -3.505432 0.833274 -1.845217 0.000000 0.000000
0.895900 0.017657 0.516717 -9.454577 0.000000 0.000000
0.247279 -5.485775 0.156679 4.817203 0.000000 0.000000
-1.208206 9.602238 -0.123470 -0.988976 0.000000 0.000000
0.215564 -6.760734 -0.175209 -4.424902 0.000000 0.000000
0.449084 3.956741 -0.548623 -3.805272 0.000000 0.000000
-0.256592 -5.604746 -0.471734 2.498420 0.000000 0.000000
1.398428 1.448467 0.122634 9.122581 0.000000 0.000000
-0.250185 0.580346 -0.192749 -8.528635 0.000000 0.000000
0.367471 -2.087633 -0.758265 1.839320 0.000000 0.000000
-0.069041 -12.548692 0.241774 -9.241311 0.000000 0.000000
1.018204 6.524086 0.405978 -7.426750 0.000000 0.000000
-0.251550 -7.395582 0.516832 -2.322854 0.000000 0.000000
0.613507 -5.385290 -0.361151 6.788629 0.000000 0.000000
-0.076262 10.559182 -0.197732 3.935264 0.000000 0.000000
0.300023 -10.083091 -0.879494 2.703826 0.000000 0.000000
1.300201 6.506685 0.321365 1.026467 0.000000 0.000000
1.174433 1.467366 -0.205692 -0.449107 0.000000 0.000000
-1.149183 2.963562 0.235362 -9.791853 0.000000 0.000000
-0.312997 0.749623 1.059655 2.406721 0.000000 0.000000
-0.637003 -5.428769 1.234192 -3.174984 0.000000 0.000000
-0.067571 10.085800 0.379161 0.235458 0.000000 0.000000
-0.229178 0.017823 -0.871416 -0.728613 0.000000 0.000000
-0.217653 -11.384038 0.550857 9.177781 0.000000 0.000000
0.236515 2.175219 0.963335 -2.802914 0.000000 0.000000
-0.016297 -10.857509 -0.570442 2.968934 0.000000 0.000000
-0.581014 -1.994275 -0.162275 -9.153247 0.000000 0.000000
-0.886832 -7.280075 -1.415656 -2.050216 0.000000 0.000000
-1.279725 -4.475836 -0.163440 -3.631105 0.000000 0.000000
0.273490 6.648981 -0.562494 -12.909029 0.000000 0.000000
-0.580353 9.811116 -1.511073 7.512193 0.000000 0.000000
0.455716 -6.597469 -0.312551 1.178735 0.000000 0.000000
0.756848 6.960532 -0.515283 -3.096829 0.000000 0.000000
0.352437 0.835851 -0.178341 10.444575 0.000000 0.000000
0.887665 3.013922 0.886775 -10.223445 0.000000 0.000000
-0.831261 -0.485442 -0.175374 -0.154480 0.000000 0.000000
0.176732 -3.743611 -0.088183 4.035748 0.000000 0.000000
-0.631219 5.174369 0.059773 -4.148788 0.000000 0.000000
0.463866 -7.074518 0.599023 -5.520190 0.000000 0.000000
0.344863 -5.761809 0.672769 4.237787 0.000000 0.000000
0.788803 5.131019 -0.518622 -3.075167 0.000000 0.000000
0.026887 4.041904 -1.394940 -1.071405 0.000000 0.000000
-0.119192 0.762878 -0.540005 -1.500728 0.000000 0.000000
-0.619159 1.426654 -0.237258 -0.197119 0.000000 0.000000
0.440086 -2.218881 0.091659 -0.924793 0.000000 0.000000
1.339599 -3.781135 -1.072032 6.994699 0.000000 0.000000
0.580553 2.898446 -0.898346 -8.791984 0.000000 0.000000
0.126229 4.402280 0.170407 -0.354550 0.000000 0.000000
-0.563314 2.202294 0.526704 -8.510721 0.000000 0.000000
-0.000467 -1.510298 -0.896005 14.331442 0.000000 0.000000
-0.766691 -2.969950 -1.144523 -4.899444 0.000000 0.000000
1.588976 11.429579 0.174078 0.386006 0.000000 0.000000
0.649528 7.337535 -0.270438 6.389915 0.000000 0.000000
0.287305 -2.782661 0.744306 -1.374018 0.000000 0.000000
0.066750 -7.023228 0.331998 -8.328313 0.000000 0.000000
0.189916 6.018387 -1.514260 -3.041864 0.000000 0.000000
1.025249 -14.118735 1.177404 2.149797 0.000000 0.000000
0.302414 3.544673 0.610959 -3.788415 0.000000 0.000000
-0.471141 -3.082843 0.403331 -8.493028 0.000000 0.000000
0.414657 1.909128 1.102194 -4.886576 0.000000 0.000000
1.177029 -6.242867 0.354977 3.464445 0.000000 0.000000
0.111722 -13.601897 0.572275 -12.497862 0.000000 0.000000
-0.305691 -7.923466 0.244567 -5.991644 0.000000 0.000000
0.092952 3.019201 0.514783 10.764945 0.000000 0.000000
-0.583157 2.146406 -0.572540 7.288159 0.000000 0.000000
0.132551 0.118892 0.052784 -8.156040 0.000000 0.000000
0.015318 -7.632562 -0.198670 1.503580 0.000000 0.000000
0.318471 4.084351 0.653305 3.803608 0.000000 0.000000
0.694077 -9.504877 1.168778 -9.154362 0.000000 0.000000
-0.215423 -6.396329 0.652423 -6.065298 0.000000 0.000000
-0.088132 0.236566 -0.263202 -3.486767 0.000000 0.000000
-0.865675 -3.488242 -0.914920 -0.795542 0.000000 0.000000
0.255511 -1.982292 -0.463805 6.939026 0.000000 0.000000
-0.626855 10.494289 0.562578 -4.469314 0.000000 0.000000
-0.408688 -1.044308 -0.113158 -0.580992 0.000000 0.000000
-1.328036 4.152846 -0.267905 -0.586193 0.000000 0.000000
0.196312 0.152542 -0.640497 0.869429 0.000000 0.000000
-0.195147 -0.440460 -0.786833 -1.483836 0.000000 0.000000
0.468680 1.204458 -0.036290 5.230612 0.000000 0.000000
0.253551 8.595314 -0.431221 1.928676 0.000000 0.000000
-0.432981 4.156088 -0.690422 -9.397445 0.000000 0.000000
1.184697 -6.364541 -1.384334 -4.495753 0.000000 0.000000
-0.348367 -1.718388 0.407108 7.867320 0.000000 0.000000
0.094749 5.369823 -0.502779 2.073209 0.000000 0.000000
-0.559406 9.569727 -0.251841 -5.235370 0.000000 0.000000
0.579291 -16.235725 1.365568 -2.274560 0.000000 0.000000
0.413934 -6.609671 0.884441 2.417391 0.000000 0.000000
-0.325732 6.960917 -1.149125 14.812183 0.000000 0.000000
0.511467 -9.141002 1.636712 4.039430 0.000000 0.000000
-0.697131 0.152655 0.040436 4.649028 0.000000 0.000000
-0.035098 6.470562 -0.799004 7.447449 0.000000 0.000000
0.571705 15.077304 -0.210289 9.667336 0.000000 0.000000
-0.532500 7.287977 0.024256 -0.309625 0.000000 0.000000
0.303692 -2.347907 -0.328089 4.669164 0.000000 0.000000
-0.004050 0.533993 -0.702162 1.584345 0.000000 0.000000
-0.330911 -6.007201 -0.195270 -4.800619 0.000000 0.000000
1.215361 10.376014 1.100744 10.480935 0.000000 0.000000
-1.219340 9.207066 0.631712 -2.885395 0.000000 0.000000
-0.597264 -0.410015 -0.030811 4.029164 0.000000 0.000000
-1.833481 0.105855 0.132684 -9.386729 0.000000 0.000000
-0.502522 -0.794956 0.033443 -8.848094 0.000000 0.000000
-0.660178 -3.762547 -0.252910 -1.685846 0.000000 0.000000
0.552133 -0.827267 -0.389381 -14.743648 0.000000 0.000000
-0.153065 4.394110 0.246537 4.064440 0.000000 0.000000
-0.143222 2.529675 0.642475 5.730958 0.000000 0.000000
0.724039 -7.001171 0.005818 -3.825411 0.000000 0.000000
-0.231436 -11.277385 0.765258 -1.439567 0.000000 0.000000
0.791636 -4.514647 1.180268 -9.570872 0.000000 0.000000
0.517768 4.123549 -0.274104 6.393421 0.000000 0.000000
-0.565799 -0.948732 0.441441 -4.157403 0.000000 0.000000
0.303259 -6.445750 -0.154543 -2.745371 0.000000 0.000000
-0.349941 -6.964136 0.849556 1.046162 0.000000 0.000000
-0.537754 10.917691 -0.507092 -6.999971 0.000000 0.000000
-1.305949 -5.820957 -0.907734 -5.757556 0.000000 0.000000
-0.732230 -9.462141 1.009139 -2.500473 0.000000 0.000000
-0.052907 5.782405 0.263036 0.547178 0.000000 0.000000
0.149973 -2.799398 0.337757 -1.613328 0.000000 0.000000
-0.366799 3.546524 0.364068 0.403568 0.000000 0.000000
-0.402143 2.149987 -0.273069 4.566302 0.000000 0.000000
0.393485 4.612758 -0.118688 -3.759487 0.000000 0.000000
0.148054 3.729005 0.615555 4.797790 0.000000 0.000000
-0.077109 -3.782346 -0.315923 0.323706 0.000000 0.000000
-0.559129 -4.386389 0.773907 8.527244 0.000000 0.000000
-0.879903 -1.701015 -0.701890 5.563452 0.000000 0.000000
0.651795 9.187626 -0.440572 -3.218396 0.000000 0.000000
-0.225490 -4.843955 -0.025921 -3.982612 0.000000 0.000000
-0.536834 0.881614 0.711053 10.831087 0.000000 0.000000
-0.141611 6.428119 -0.106597 -3.752057 0.000000 0.000000
-0.398453 8.553664 -0.422095 -8.222807 0.000000 0.000000
-0.157541 3.972648 -0.254556 -7.420764 0.000000 0.000000
-0.503065 3.240529 0.397755 -0.090015 0.000000 0.000000
-0.666787 -9.338380 -0.222246 1.174770 0.000000 0.000000
0.213385 -2.153105 0.361476 -4.298936 0.000000 0.000000
1.539253 6.108262 -0.930560 -2.600931 0.000000 0.000000
-0.637575 -9.897862 -1.579831 -2.832080 0.000000 0.000000
-0.739778 2.960830 -0.666019 -8.596233 0.000000 0.000000
-0.223801 -4.345849 0.471832 -1.255581 0.000000 0.000000
-0.350706 1.497382 0.191743 6.335851 0.000000 0.000000
-0.184272 -5.865753 0.686963 7.377432 0.000000 0.000000
-1.430578 -10.724755 -1.155670 9.294933 0.000000 0.000000
0.236537 -1.351938 -0.033319 -1.711249 0.000000 0.000000
-0.119895 5.943501 0.506142 -8.717243 0.000000 0.000000
0.248894 -2.697208 0.777453 -0.129668 0.000000 0.000000
-0.415087 3.608658 -0.508132 -10.018971 0.000000 0.000000
0.199833 11.523807 -0.085733 -2.292338 0.000000 0.000000
-0.017079 -5.873126 -1.325236 -6.405323 0.000000 0.000000
0.178099 -4.856991 0.238384 -16.713250 0.000000 0.000000
0.358059 -9.540048 -0.393879 -8.500984 0.000000 0.000000
-0.932708 9.276890 -0.640170 -1.488511 0.000000 0.000000
0.829381 11.342087 -0.826599 0.844793 0.000000 0.000000
0.406210 5.132875 -0.322575 -1.125969 0.000000 0.000000
-0.520565 0.795769 -0.238987 12.071061 0.000000 0.000000
1.232316 -8.678610 0.330511 -4.617046 0.000000 0.000000
0.221027 -2.666304 1.062831 -7.579022 0.000000 0.000000
-1.024161 2.881307 -0.035789 -7.478048 0.000000 0.000000
0.244107 -6.217889 -0.188062 3.616064 0.000000 0.000000
-0.329473 -5.216205 1.713465 0.837458 0.000000 0.000000
-0.947437 -4.962794 0.335064 -9.724048 0.000000 0.000000
0.893383 2.543065 0.179416 0.420809 0.000000 0.000000
-0.480287 6.651226 0.037711 -2.166837 0.000000 0.000000
0.432069 3.507180 -0.087702 0.526621 0.000000 0.000000
0.140335 -0.700305 0.239442 -11.040087 0.000000 0.000000
-0.187911 -8.430156 -1.099992 1.298592 0.000000 0.000000
-0.788019 -10.334233 1.166355 0.543376 0.000000 0.000000
-0.186214 -3.929256 1.835564 3.769562 0.000000 0.000000
-0.336172 -1.402801 0.159020 7.256404 0.000000 0.000000
-0.646029 2.150825 -0.258808 -0.917167 0.000000 0.000000
-0.030908 -0.385578 0.349550 9.153649 0.000000 0.000000
0.295816 -10.169806 0.242407 -5.213382 0.000000 0.000000
0.585878 -5.672254 0.296531 -9.668132 0.000000 0.000000
0.051845 5.134838 0.245958 -2.000187 0.000000 0.000000
-0.872803 0.066772 -0.904403 -3.218059 0.000000 0.000000
0.154210 7.083332 -0.057014 19.940719 0.000000 0.000000
0.411259 4.229721 0.282881 -13.810386 0.000000 0.000000
-0.128620 -1.538696 0.217076 13.181620 0.000000 0.000000
0.854709 4.682193 -0.298274 4.531775 0.000000 0.000000
-0.855659 -12.235679 0.360912 2.989557 0.000000 0.000000
0.288291 -2.577465 0.050685 5.306157 0.000000 0.000000
-1.210711 0.944602 0.813175 6.147395 0.000000 0.000000
-0.345006 3.133857 -0.077174 -6.540748 0.000000 0.000000
-0.195801 11.141966 -0.316021 8.556035 0.000000 0.000000
-0.008182 -8.259004 -0.575439 -10.080621 0.000000 0.000000
-0.405161 -9.108554 0.403330 5.961269 0.000000 0.000000
0.223830 2.324190 -0.052923 0.213308 0.000000 0.000000
-1.108828 -2.111973 0.164834 -1.723945 0.000000 0.000000
-0.345525 14.025088 1.130788 -6.378531 0.000000 0.000000
0.407392 4.102884 0.806155 -2.373442 0.000000 0.000000
-0.316022 -11.951279 -0.440646 -19.981131 0.000000 0.000000
-0.257624 -1.351337 0.086860 -3.100378 0.000000 0.000000
0.267033 10.352203 -0.450973 -5.633657 0.000000 0.000000
-0.543910 1.915801 -0.515016 -14.628864 0.000000 0.000000
0.077384 -1.265350 0.052177 4.900822 0.000000 0.000000
0.146428 -1.438862 -0.828117 0.191135 0.000000 0.000000
0.052763 4.772554 -1.161726 -1.925573 0.000000 0.000000
0.610372 -2.730152 -0.366264 0.014476 0.000000 0.000000
0.164917 -1.262432 -0.147917 -8.018306 0.000000 0.000000
0.905080 -0.656710 -0.538936 1.842717 0.000000 0.000000
0.379687 -0.806845 0.576637 5.658166 0.000000 0.000000
-0.692079 -3.075804 0.430084 -15.432250 0.000000 0.000000
0.190450 4.455509 0.797634 14.319496 0.000000 0.000000
0.103676 6.054670 -0.828912 -23.826282 0.000000 0.000000
-0.055842 2.612522 0.183744 -11.157940 0.000000 0.000000
0.440450 -2.744029 -0.182334 -11.473141 0.000000 0.000000
0.297265 -5.913342 0.037723 5.130090 0.000000 0.000000
-0.099993 1.583480 -0.794599 -3.901196 0.000000 0.000000
0.013006 7.657104 -0.365873 -4.949482 0.000000 0.000000
-1.126803 7.098761 0.046012 9.825321 0.000000 0.000000
0.646347 -2.332029 -0.089728 -7.897897 0.000000 0.000000
0.980106 -2.736010 -0.234545 7.462213 0.000000 0.000000
0.203577 -2.225864 0.136161 1.348108 0.000000 0.000000
-0.163125 4.816600 0.411967 -10.208076 0.000000 0.000000
-0.194179 4.499505 -0.850312 -1.336291 0.000000 0.000000
-0.126637 -5.620622 -0.430716 5.007339 0.000000 0.000000
-0.704389 -14.362456 0.415236 -5.713001 0.000000 0.000000
-0.058360 -6.286039 0.368821 -7.167142 0.000000 0.000000
0.052077 1.016942 -0.043401 -1.172820 0.000000 0.000000
0.562258 -0.370388 -1.590245 1.981922 0.000000 0.000000
-0.286091 -5.113342 -0.020578 5.239129 0.000000 0.000000
-0.849339 11.862262 -0.465998 0.479612 0.000000 0.000000
-0.024042 -11.340707 -0.658843 -3.953462 0.000000 0.000000
-0.559987 7.332865 -0.026466 2.530053 0.000000 0.000000
0.363138 -3.345443 -0.859608 -9.976953 0.000000 0.000000
0.462229 2.511420 -0.189261 4.115917 0.000000 0.000000
0.530874 6.149329 0.743274 -3.076853 0.000000 0.000000
-0.394874 -6.867729 -0.896401 -4.667889 0.000000 0.000000
-0.472174 5.472073 0.541349 -15.142636 0.000000 0.000000
-0.072562 -0.805244 0.007769 8.420998 0.000000 0.000000
0.281228 -3.211992 0.700139 -11.461179 0.000000 0.000000
-0.699525 -8.761589 0.952505 -3.062540 0.000000 0.000000
-0.349972 -0.123123 0.051363 -7.536522 0.000000 0.000000
0.629414 -4.333971 0.538992 7.866110 0.000000 0.000000
-0.957640 13.206527 -0.303001 6.486800 0.000000 0.000000
-1.252505 12.316116 0.531688 -11.256578 0.000000 0.000000
0.088091 15.450449 0.626192 -6.490285 0.000000 0.000000
0.582089 -10.314805 -1.213491 6.071047 0.000000 0.000000
-0.583505 -0.116078 -0.165520 15.836563 0.000000 0.000000
0.138102 -10.997619 0.238922 -12.886811 0.000000 0.000000
0.134045 5.155865 -0.360726 13.535722 0.000000 0.000000
-0.106506 9.116344 0.664867 -4.771708 0.000000 0.000000
0.162414 -0.109764 0.022719 13.543830 0.000000 0.000000
-0.396671 9.030300 -0.183307 -3.691212 0.000000 0.000000
0.404757 -2.137054 -0.058380 4.454246 0.000000 0.000000
-0.455691 5.871217 0.780337 2.058909 0.000000 0.000000
0.001202 -0.911762 -0.395215 -7.385572 0.000000 0.000000
-0.029363 -3.100099 -1.277178 0.999665 0.000000 0.000000
-0.254504 -6.492227 -0.268554 0.833871 0.000000 0.000000
0.844411 -0.684704 0.578443 1.095743 0.000000 0.000000
1.982565 5.414727 1.798373 5.028717 0.000000 0.000000
1.947247 6.648118 1.765740 6.403524 0.000000 0.000000
1.904088 7.854740 1.725997 7.752546 0.000000 0.000000
1.853262 9.029734 1.679304 9.070351 0.000000 0.000000
1.794974 10.168368 1.625849 10.351633 0.000000 0.000000
1.729458 11.266057 1.565848 11.591233 0.000000 0.000000
1.656977 12.318383 1.499541 12.784158 0.000000 0.000000
1.577825 13.321106 1.427196 13.925607 0.000000 0.000000
1.492320 14.270190 1.349104 15.010982 0.000000 0.000000
1.400805 15.161813 1.265580 16.035913 0.000000 0.000000
1.303650 15.992385 1.176960 16.996274 0.000000 0.000000
1.201245 16.758561 1.083601 17.888196 0.000000 0.000000
1.094004 17.457256 0.985878 18.708089 0.000000 0.000000
0.982357 18.085657 0.884186 19.452651 0.000000 0.000000
0.866755 18.641234 0.778933 20.118884 0.000000 0.000000
0.747663 19.121748 0.670544 20.704105 0.000000 0.000000
0.625560 19.525267 0.559455 21.205958 0.000000 0.000000
0.500938 19.850163 0.446113 21.622422 0.000000 0.000000
0.374299 20.095131 0.330975 21.951821 0.000000 0.000000
0.246153 20.259182 0.214504 22.192827 0.000000 0.000000
0.117016 20.341657 0.097169 22.344470 0.000000 0.000000
-0.012593 20.342223 -0.020557 22.406141 0.000000 0.000000
-0.142151 20.260878 -0.138200 22.377589 0.000000 0.000000
-0.271136 20.097950 -0.255287 22.258931 0.000000 0.000000
-0.399030 19.854094 -0.371346 22.050644 0.000000 0.000000
-0.525316 19.530293 -0.485909 21.753567 0.000000 0.000000
-0.649488 19.127850 -0.598516 21.368896 0.000000 0.000000
-0.771044 18.648387 -0.708713 20.898180 0.000000 0.000000
-0.889496 18.093832 -0.816056 20.343314 0.000000 0.000000
-1.004366 17.466421 -0.920113 19.706533 0.000000 0.000000
-1.115192 16.768678 -1.020466 18.990401 0.000000 0.000000
-1.221527 16.003413 -1.116709 18.197801 0.000000 0.000000
-1.322943 15.173709 -1.208455 17.331925 0.000000 0.000000
-1.419033 14.282905 -1.295336 16.396260 0.000000 0.000000
-1.509408 13.334589 -1.377001 15.394572 0.000000 0.000000
-1.593706 12.332580 -1.453121 14.330896 0.000000 0.000000
-1.671587 11.280911 -1.523389 13.209515 0.000000 0.000000
-1.742736 10.183819 -1.587524 12.034943 0.000000 0.000000
-1.806868 9.045719 -1.645266 10.811911 0.000000 0.000000
-1.863725 7.871196 -1.696384 9.545344 0.000000 0.000000
-1.913077 6.664978 -1.740670 8.240340 0.000000 0.000000
-1.954725 5.431923 -1.777948 6.902156 0.000000 0.000000
-1.988503 4.176995 -1.808066 5.536179 0.000000 0.000000
-2.014274 2.905248 -1.830904 4.147910 0.000000 0.000000
-2.031934 1.621802 -1.846369 2.742938 0.000000 0.000000
-2.041412 0.331826 -1.854400 1.326922 0.000000 0.000000
-2.042670 -0.959486 -1.854964 -0.094437 0.000000 0.000000
-2.035703 -2.246934 -1.848059 -1.515416 0.000000 0.000000
-2.020539 -3.525335 -1.833712 -2.930293 0.000000 0.000000
-1.997238 -4.789541 -1.811981 -4.333371 0.000000 0.000000
-1.965896 -6.034461 -1.782954 -5.719000 0.000000 0.000000
-1.926638 -7.255082 -1.746748 -7.081600 0.000000 0.000000
-1.879622 -8.446489 -1.703508 -8.415685 0.000000 0.000000
-1.825037 -9.603886 -1.653409 -9.715883 0.000000 0.000000
-1.763103 -10.722611 -1.596652 -10.976959 0.000000 0.000000
-1.694070 -11.798160 -1.533466 -12.193835 0.000000 0.000000
-1.618216 -12.826202 -1.464105 -13.361610 0.000000 0.000000
-1.535846 -13.802597 -1.388849 -14.475583 0.000000 0.000000
-1.447291 -14.723414 -1.308001 -15.531267 0.000000 0.000000
-1.352909 -15.584945 -1.221885 -16.524413 0.000000 0.000000
-1.253079 -16.383721 -1.130850 -17.451021 0.000000 0.000000
-1.148203 -17.116526 -1.035261 -18.307359 0.000000 0.000000
-1.038704 -17.780408 -0.935503 -19.089981 0.000000 0.000000
-0.925022 -18.372695 -0.831978 -19.795733 0.000000 0.000000
-0.807616 -18.891002 -0.725104 -20.421776 0.000000 0.000000
-0.686957 -19.333241 -0.615309 -20.965587 0.000000 0.000000
-0.563533 -19.697632 -0.503037 -21.424977 0.000000 0.000000
-0.437839 -19.982708 -0.388739 -21.798096 0.000000 0.000000
-0.310382 -20.187320 -0.272876 -22.083442 0.000000 0.000000
-0.181676 -20.310645 -0.155915 -22.279866 0.000000 0.000000
-0.052238 -20.352186 -0.038325 -22.386576 0.000000 0.000000
0.077411 -20.311777 0.079419 -22.403144 0.000000 0.000000
0.206747 -20.189578 0.196843 -22.329502 0.000000 0.000000
0.335252 -19.986084 0.313474 -22.165947 0.000000 0.000000
0.462406 -19.702113 0.428844 -21.913138 0.000000 0.000000
0.587698 -19.338808 0.542486 -21.572092 0.000000 0.000000
0.710624 -18.897633 0.653944 -21.144183 0.000000 0.000000
0.830688 -18.380363 0.762769 -20.631134 0.000000 0.000000
0.947408 -17.789082 0.868522 -20.035011 0.000000 0.000000
1.060312 -17.126171 0.970778 -19.358213 0.000000 0.000000
1.168948 -16.394299 1.069126 -18.603467 0.000000 0.000000
1.272876 -15.596413 1.163168 -17.773812 0.000000 0.000000
1.371679 -14.735726 1.252526 -16.872587 0.000000 0.000000
1.464958 -13.815703 1.336841 -15.903423 0.000000 0.000000
1.552339 -12.840049 1.415773 -14.870221 0.000000 0.000000
1.633469 -11.812693 1.489005 -13.777142 0.000000 0.000000
1.708021 -10.737771 1.556240 -12.628587 0.000000 0.000000
1.775696 -9.619612 1.617209 -11.429181 0.000000 0.000000
1.836221 -8.462718 1.671667 -10.183755 0.000000 0.000000
1.889352 -7.271748 1.719393 -8.897321 0.000000 0.000000
1.934875 -6.051497 1.760195 -7.575062 0.000000 0.000000
1.972607 -4.806879 1.793910 -6.222300 0.000000 0.000000
2.002397 -3.542905 1.820401 -4.844483 0.000000 0.000000
2.024123 -2.264665 1.839563 -3.447159 0.000000 0.000000
2.037699 -0.977306 1.851317 -2.035955 0.000000 0.000000
2.043069 0.313988 1.855616 -0.616553 0.000000 0.000000
2.040213 1.604017 1.852444 0.805332 0.000000 0.000000
2.029142 2.887588 1.841812 2.223974 0.000000 0.000000
2.009900 4.159532 1.823765 3.633661 0.000000 0.000000
1.982565 5.414727 1.798373 5.028717 0.000000 0.000000
